[[1, 0, 0, 0, 0, 0, 0, 0, 0, 0, 0, 0, 0, 0, 0, 0, 0, 0, 0, 0, 0, 0, 0, 0, 0, 0, 0, 0, 0, 0, 0, 0, 0, 0, 0, 0, 0, 0, 0, 0, 0, 0, 0, 0, 0, 0, 0, 0, 0, 0], [2.0688354295579364e-19, 4.7987110108763955e-35, 5.623677754239602e-19, 4.7987110108763955e-35, 4.7987110108763955e-35, 4.7987110108763955e-35, 4.7987110108763955e-35, 4.7987110108763955e-35, 4.7987110108763955e-35, 4.7987110108763955e-35, 4.7987110108763955e-35, 4.7987110108763955e-35, 4.7987110108763955e-35, 4.7987110108763955e-35, 4.7987110108763955e-35, 4.7987110108763955e-35, 7.416594707954416e-10, 1.3044248940891642e-34, 4.7987110108763955e-35, 2.992067854854654e-07, 0.01791474947630555, 3.692505077816644e-11, 1.3044248940891642e-34, 1.3044248940891642e-34, 1.2386974569477403e-14, 1.5286741048458882e-18, 4.7987110108763955e-35, 0.9781121797135226, 0.00032812008219015225, 1.5286741048458882e-18, 1.1007202503909664e-07, 0.0008919228569699792, 5.623677754239602e-19, 1.1295458717688862e-17, 1.1295458717688862e-17, 1.5286741048458882e-18, 3.070424017640294e-17, 0.0024244976944887706, 8.346277812815826e-17, 8.346277812815826e-17, 4.155367040838475e-18, 0.00032812008219015225, 8.346277812815826e-17, 4.7987110108763955e-35, 1.5286741048458882e-18, 3.070424017640294e-17, 1.5286741048458882e-18, 1.5286741048458882e-18, 3.692505077816644e-11]]
[[2, 0, 0, 0, 0, 0, 0, 0, 0, 0, 0, 0, 0, 0, 0, 0, 0, 0, 0, 0, 0, 0, 0, 0, 0, 0, 0, 0, 1, 0, 0, 0, 0, 0, 0, 0, 0, 0, 0, 0, 0, 0, 0, 0, 0, 0, 0, 0, 0, 0], [0.0, 0.0, 0.0, 0.0, 0.0, 0.0, 0.0, 0.0, 0.0, 0.0, 0.0, 0.0, 0.0, 0.0, 0.0, 0.0, 0.0, 0.0, 0.0, 0.0, 0.0, 0.0, 0.0, 0.0, 0.0, 0.0, 0.0, 0, 0.0, 0.0, 0.0, 1.0, 0.0, 0.0, 0.0, 0.0, 0.0, 0.0, 0.0, 0.0, 0.0, 0.0, 0.0, 0.0, 0.0, 0.0, 0.0, 0.0, 0.0]]
[[1, 0, 0, 0, 0, 0, 0, 0, 0, 0, 0, 0, 0, 0, 0, 0, 0, 0, 0, 0, 0, 0, 0, 0, 0, 0, 0, 0, 1, 0, 0, 0, 2, 0, 0, 0, 0, 0, 0, 0, 0, 0, 0, 0, 0, 0, 0, 0, 0, 0], [0.0, 0.0, 0.0, 0.0, 0.0, 0.0, 0.0, 0.0, 0.0, 0.0, 0.0, 0.0, 0.0, 0.0, 0.0, 0.0, 0.0, 0.0, 0.0, 0.0, 0.0, 0.0, 0.0, 0.0, 0.0, 0.0, 0.0, 0, 0.0, 0.0, 0.0, 0, 0.0, 0.0, 0.0, 0.0, 1.0, 0.0, 0.0, 0.0, 0.0, 0.0, 0.0, 0.0, 0.0, 0.0, 0.0, 0.0, 0.0]]
[[2, 0, 0, 0, 0, 0, 0, 0, 0, 0, 0, 0, 0, 0, 0, 0, 0, 0, 0, 0, 0, 0, 0, 0, 0, 0, 0, 0, 1, 0, 0, 0, 2, 0, 0, 0, 0, 1, 0, 0, 0, 0, 0, 0, 0, 0, 0, 0, 0, 0], [0.0, 0.0, 0.0, 0.0, 0.0, 0.0, 0.0, 0.0, 0.0, 0.0, 0.0, 0.0, 0.0, 0.0, 0.0, 0.0, 0.0, 0.0, 0.0, 0.0, 0.0, 0.0, 0.0, 0.0, 1.0, 0.0, 0.0, 0, 0.0, 0.0, 0.0, 0, 0.0, 0.0, 0.0, 0.0, 0, 0.0, 0.0, 0.0, 0.0, 0.0, 0.0, 0.0, 0.0, 0.0, 0.0, 0.0, 0.0]]
[[1, 0, 0, 0, 0, 0, 0, 0, 0, 0, 0, 0, 0, 0, 0, 0, 0, 0, 0, 0, 0, 0, 0, 0, 0, 2, 0, 0, 1, 0, 0, 0, 2, 0, 0, 0, 0, 1, 0, 0, 0, 0, 0, 0, 0, 0, 0, 0, 0, 0], [0.0, 0.0, 0.0, 0.0, 0.0, 0.0, 0.0, 0.0, 0.0, 0.0, 0.0, 0.0, 0.0, 0.0, 0.0, 0.0, 0.0, 0.0, 0.0, 0.0, 0.0, 0.0, 0.0, 0.0, 0, 0.0, 0.0, 0, 0.0, 0.0, 0.0, 0, 0.0, 0.0, 0.0, 0.0, 0, 1.0, 0.0, 0.0, 0.0, 0.0, 0.0, 0.0, 0.0, 0.0, 0.0, 0.0, 0.0]]
[[2, 0, 0, 0, 0, 0, 0, 0, 0, 0, 0, 0, 0, 0, 0, 0, 0, 0, 0, 0, 0, 0, 0, 0, 0, 2, 0, 0, 1, 0, 0, 0, 2, 0, 0, 0, 0, 1, 1, 0, 0, 0, 0, 0, 0, 0, 0, 0, 0, 0], [0.0, 0.0, 0.0, 0.0, 0.0, 0.0, 0.0, 0.0, 0.0, 0.0, 0.0, 0.0, 0.0, 0.0, 0.0, 0.0, 0.0, 0.0, 0.0, 0.0, 0.0, 0.0, 0.0, 1.0, 0, 0.0, 0.0, 0, 0.0, 0.0, 0.0, 0, 0.0, 0.0, 0.0, 0.0, 0, 0, 0.0, 0.0, 0.0, 0.0, 0.0, 0.0, 0.0, 0.0, 0.0, 0.0, 0.0]]
[[1, 0, 0, 0, 0, 0, 0, 0, 0, 0, 0, 0, 0, 0, 0, 0, 0, 0, 0, 0, 0, 0, 0, 0, 2, 2, 0, 0, 1, 0, 0, 0, 2, 0, 0, 0, 0, 1, 1, 0, 0, 0, 0, 0, 0, 0, 0, 0, 0, 0], [0.0, 0.0, 0.0, 0.0, 0.0, 0.0, 0.0, 0.0, 0.0, 0.0, 0.0, 0.0, 0.0, 0.0, 0.0, 0.0, 0.0, 0.0, 0.0, 0.0, 0.0, 0.0, 0.0, 0, 0, 0.0, 0.0, 0, 0.0, 0.0, 0.0, 0, 0.0, 0.0, 0.0, 0.0, 0, 0, 0.0, 0.0, 0.0, 0.0, 0.0, 0.0, 0.0, 0.0, 1.0, 0.0, 0.0]]
[[2, 0, 0, 0, 0, 0, 0, 0, 0, 0, 0, 0, 0, 0, 0, 0, 0, 0, 0, 0, 0, 0, 0, 0, 2, 2, 0, 0, 1, 0, 0, 0, 2, 0, 0, 0, 0, 1, 1, 0, 0, 0, 0, 0, 0, 0, 0, 1, 0, 0], [0.0, 0.0, 0.0, 0.0, 0.0, 0.0, 0.0, 0.0, 0.0, 0.0, 0.0, 0.0, 0.0, 0.0, 0.0, 0.0, 0.0, 0.0, 0.0, 0.0, 0.0, 0.0, 0.0, 0, 0, 0.0, 0.0, 0, 0.0, 0.0, 0.0, 0, 0.0, 0.0, 0.0, 0.0, 0, 0, 0.0, 1.0, 0.0, 0.0, 0.0, 0.0, 0.0, 0.0, 0, 0.0, 0.0]]
[[1, 0, 0, 0, 0, 0, 0, 0, 0, 0, 0, 0, 0, 0, 0, 0, 0, 0, 0, 0, 0, 0, 0, 0, 2, 2, 0, 0, 1, 0, 0, 0, 2, 0, 0, 0, 0, 1, 1, 0, 2, 0, 0, 0, 0, 0, 0, 1, 0, 0], [0.0, 0.0, 0.0, 0.0, 0.0, 0.0, 0.0, 0.0, 0.0, 0.0, 0.0, 0.0, 0.0, 0.0, 0.0, 0.0, 0.0, 0.0, 0.0, 0.0, 0.0, 0.0, 0.0, 0, 0, 0.0, 0.0, 0, 0.0, 0.0, 0.0, 0, 0.0, 0.0, 0.0, 0.0, 0, 0, 1.0, 0, 0.0, 0.0, 0.0, 0.0, 0.0, 0.0, 0, 0.0, 0.0]]
[[2, 0, 0, 0, 0, 0, 0, 0, 0, 0, 0, 0, 0, 0, 0, 0, 0, 0, 0, 0, 0, 0, 0, 0, 2, 2, 0, 0, 1, 0, 0, 0, 2, 0, 0, 0, 0, 1, 1, 1, 2, 0, 0, 0, 0, 0, 0, 1, 0, 0], [1.0, 0.0, 0.0, 0.0, 0.0, 0.0, 0.0, 0.0, 0.0, 0.0, 0.0, 0.0, 0.0, 0.0, 0.0, 0.0, 0.0, 0.0, 0.0, 0.0, 0.0, 0.0, 0.0, 0, 0, 0.0, 0.0, 0, 0.0, 0.0, 0.0, 0, 0.0, 0.0, 0.0, 0.0, 0, 0, 0, 0, 0.0, 0.0, 0.0, 0.0, 0.0, 0.0, 0, 0.0, 0.0]]
[[1, 2, 0, 0, 0, 0, 0, 0, 0, 0, 0, 0, 0, 0, 0, 0, 0, 0, 0, 0, 0, 0, 0, 0, 2, 2, 0, 0, 1, 0, 0, 0, 2, 0, 0, 0, 0, 1, 1, 1, 2, 0, 0, 0, 0, 0, 0, 1, 0, 0], [0, 0.0, 0.0, 0.0, 0.0, 0.0, 0.0, 0.0, 0.0, 0.0, 0.0, 0.0, 0.0, 0.0, 0.0, 0.0, 0.0, 0.0, 0.0, 0.0, 0.0, 0.0, 0.0, 0, 0, 0.0, 0.0, 0, 0.0, 1.0, 0.0, 0, 0.0, 6.51976598965092e-145, 0.0, 2.8207700884601357e-53, 0, 0, 0, 0, 0.0, 0.0, 2.5168482179282025e-241, 0.0, 0.0, 0.0, 0, 1.0419594869858195e-248, 0.0]]
[[2, 2, 0, 0, 0, 0, 0, 0, 0, 0, 0, 0, 0, 0, 0, 0, 0, 0, 0, 0, 0, 0, 0, 0, 2, 2, 0, 0, 1, 0, 1, 0, 2, 0, 0, 0, 0, 1, 1, 1, 2, 0, 0, 0, 0, 0, 0, 1, 0, 0], [0, 0.0, 0.0, 1.0, 0.0, 0.0, 0.0, 0.0, 0.0, 0.0, 0.0, 0.0, 0.0, 0.0, 0.0, 0.0, 0.0, 0.0, 0.0, 0.0, 0.0, 0.0, 0.0, 0, 0, 0.0, 0.0, 0, 0.0, 0, 0.0, 0, 0.0, 0.0, 0.0, 0.0, 0, 0, 0, 0, 0.0, 0.0, 0.0, 0.0, 0.0, 0.0, 0, 0.0, 0.0]]
[[1, 2, 0, 0, 2, 0, 0, 0, 0, 0, 0, 0, 0, 0, 0, 0, 0, 0, 0, 0, 0, 0, 0, 0, 2, 2, 0, 0, 1, 0, 1, 0, 2, 0, 0, 0, 0, 1, 1, 1, 2, 0, 0, 0, 0, 0, 0, 1, 0, 0], [0, 0.0, 0.0, 0, 0.0, 0.0, 0.0, 0.0, 0.0, 0.0, 0.0, 0.0, 0.0, 0.0, 0.0, 0.0, 0.0, 0.0, 0.0, 0.0, 0.0, 0.0, 0.0, 0, 0, 0.0, 0.0, 0, 0.0, 0, 0.0, 0, 0.0, 0.0, 0.0, 0.0, 0, 0, 0, 0, 0.0, 0.0, 1.7018408701915557e-167, 8.194012623989748e-40, 1.8521167695178024e-45, 0.9999999999999065, 0, 9.3576229688393e-14, 1.0889118078155936e-149]]
[[2, 2, 0, 0, 2, 0, 0, 0, 0, 0, 0, 0, 0, 0, 0, 0, 0, 0, 0, 0, 0, 0, 0, 0, 2, 2, 0, 0, 1, 0, 1, 0, 2, 0, 0, 0, 0, 1, 1, 1, 2, 0, 0, 0, 0, 0, 1, 1, 0, 0], [0, 0.0, 1.0, 0, 0.0, 0.0, 0.0, 0.0, 0.0, 0.0, 0.0, 0.0, 0.0, 0.0, 0.0, 0.0, 0.0, 0.0, 0.0, 0.0, 0.0, 0.0, 0.0, 0, 0, 0.0, 0.0, 0, 0.0, 0, 0.0, 0, 0.0, 0.0, 0.0, 0.0, 0, 0, 0, 0, 0.0, 0.0, 0.0, 0.0, 0.0, 0, 0, 0.0, 0.0]]
[[1, 2, 0, 2, 2, 0, 0, 0, 0, 0, 0, 0, 0, 0, 0, 0, 0, 0, 0, 0, 0, 0, 0, 0, 2, 2, 0, 0, 1, 0, 1, 0, 2, 0, 0, 0, 0, 1, 1, 1, 2, 0, 0, 0, 0, 0, 1, 1, 0, 0], [0, 0.0, 0, 0, 0.0, 0.0, 0.0, 0.0, 0.0, 0.0, 0.0, 0.0, 7.989378653283182e-301, 9.362866590805559e-285, 3.270849193582728e-265, 1.5069412687587628e-236, 4.050834656260586e-193, 1.7722561415473398e-144, 2.0538845540408258e-85, 1.0, 8.256739583429307e-159, 0.0, 0.0, 0, 0, 0.0, 0.0, 0, 0.0, 0, 0.0, 0, 0.0, 0.0, 0.0, 0.0, 0, 0, 0, 0, 0.0, 0.0, 0.0, 0.0, 0.0, 0, 0, 0.0, 0.0]]
[[2, 2, 0, 2, 2, 0, 0, 0, 0, 0, 0, 0, 0, 0, 0, 0, 0, 0, 0, 0, 1, 0, 0, 0, 2, 2, 0, 0, 1, 0, 1, 0, 2, 0, 0, 0, 0, 1, 1, 1, 2, 0, 0, 0, 0, 0, 1, 1, 0, 0], [0, 1.0, 0, 0, 0.0, 0.0, 0.0, 0.0, 0.0, 0.0, 0.0, 0.0, 0.0, 0.0, 0.0, 0.0, 0.0, 0.0, 0.0, 0, 0.0, 0.0, 0.0, 0, 0, 0.0, 0.0, 0, 0.0, 0, 0.0, 0, 0.0, 0.0, 0.0, 0.0, 0, 0, 0, 0, 0.0, 0.0, 0.0, 0.0, 0.0, 0, 0, 0.0, 0.0]]
[[1, 2, 2, 2, 2, 0, 0, 0, 0, 0, 0, 0, 0, 0, 0, 0, 0, 0, 0, 0, 1, 0, 0, 0, 2, 2, 0, 0, 1, 0, 1, 0, 2, 0, 0, 0, 0, 1, 1, 1, 2, 0, 0, 0, 0, 0, 1, 1, 0, 0], [0, 0, 0, 0, 0.0, 0.0, 0.0, 0.0, 0.0, 0.0, 0.0, 0.0, 0.0, 0.0, 2.680137958338607e-304, 9.362866590805559e-285, 9.750264028019429e-262, 4.492128611109229e-233, 2.0167918197815843e-194, 0, 1.1941367950549688e-146, 1.664279891894355e-81, 1.0, 0, 0, 8.378942533819368e-126, 0.0, 0, 0.0, 0, 0.0, 0, 0.0, 0.0, 0.0, 0.0, 0, 0, 0, 0, 0.0, 0.0, 0.0, 0.0, 0.0, 0, 0, 0.0, 0.0]]
[[2, 2, 2, 2, 2, 0, 0, 0, 0, 0, 0, 0, 0, 0, 0, 0, 0, 0, 0, 0, 1, 0, 0, 1, 2, 2, 0, 0, 1, 0, 1, 0, 2, 0, 0, 0, 0, 1, 1, 1, 2, 0, 0, 0, 0, 0, 1, 1, 0, 0], [0, 0, 0, 0, 0.0, 0.0, 0.0, 0.0, 0.0, 0.0, 0.0, 0.0, 0.0, 0.0, 0.0, 1.0, 0.0, 0.0, 0.0, 0, 0.0, 0.0, 0, 0, 0, 0.0, 0.0, 0, 0.0, 0, 0.0, 0, 0.0, 0.0, 0.0, 0.0, 0, 0, 0, 0, 0.0, 0.0, 0.0, 0.0, 0.0, 0, 0, 0.0, 0.0]]
[[1, 2, 2, 2, 2, 0, 0, 0, 0, 0, 0, 0, 0, 0, 0, 0, 2, 0, 0, 0, 1, 0, 0, 1, 2, 2, 0, 0, 1, 0, 1, 0, 2, 0, 0, 0, 0, 1, 1, 1, 2, 0, 0, 0, 0, 0, 1, 1, 0, 0], [0, 0, 0, 0, 0.0, 0.0, 0.0, 0.0, 0.0, 0.0, 0.0, 0.0, 0.0, 2.680137958338607e-304, 6.741722663803275e-274, 0, 7.311154551284224e-228, 1.7018408701917146e-167, 2.534694904308355e-89, 0, 1.0, 1.069246283655833e-258, 0, 0, 0, 0.0, 0.0, 0, 0.0, 0, 0.0, 0, 0.0, 0.0, 0.0, 0.0, 0, 0, 0, 0, 0.0, 0.0, 0.0, 0.0, 0.0, 0, 0, 0.0, 0.0]]
[[2, 2, 2, 2, 2, 0, 0, 0, 0, 0, 0, 0, 0, 0, 0, 0, 2, 0, 0, 0, 1, 1, 0, 1, 2, 2, 0, 0, 1, 0, 1, 0, 2, 0, 0, 0, 0, 1, 1, 1, 2, 0, 0, 0, 0, 0, 1, 1, 0, 0], [0, 0, 0, 0, 1.0, 0.0, 0.0, 0.0, 0.0, 0.0, 0.0, 0.0, 0.0, 0.0, 0.0, 0, 0.0, 0.0, 0.0, 0, 0, 0.0, 0, 0, 0, 0.0, 0.0, 0, 0.0, 0, 0.0, 0, 0.0, 0.0, 0.0, 0.0, 0, 0, 0, 0, 0.0, 0.0, 0.0, 0.0, 0.0, 0, 0, 0.0, 0.0]]
[[1, 2, 2, 2, 2, 2, 0, 0, 0, 0, 0, 0, 0, 0, 0, 0, 2, 0, 0, 0, 1, 1, 0, 1, 2, 2, 0, 0, 1, 0, 1, 0, 2, 0, 0, 0, 0, 1, 1, 1, 2, 0, 0, 0, 0, 0, 1, 1, 0, 0], [0, 0, 0, 0, 0, 0.0, 0.0, 0.0, 0.0, 0.0, 0.0, 0.0, 0.0, 2.680137958338607e-304, 1.3895726089974245e-282, 0, 1.410138822923015e-249, 6.3309773362105915e-211, 7.337030047740496e-152, 0, 0, 2.4069765506104637e-69, 0, 0, 0, 1.0, 9.819402048736065e-110, 0, 0.0, 0, 0.0, 0, 0.0, 0.0, 0.0, 0.0, 0, 0, 0, 0, 0.0, 0.0, 0.0, 0.0, 0.0, 0, 0, 0.0, 0.0]]
[[2, 2, 2, 2, 2, 2, 0, 0, 0, 0, 0, 0, 0, 0, 0, 0, 2, 0, 0, 0, 1, 1, 0, 1, 2, 2, 1, 0, 1, 0, 1, 0, 2, 0, 0, 0, 0, 1, 1, 1, 2, 0, 0, 0, 0, 0, 1, 1, 0, 0], [0, 0, 0, 0, 0, 0.0, 0.0, 0.0, 0.0, 0.0, 0.0, 0.0, 0.0, 0.0, 0.0, 0, 0.0, 0.0, 0.0, 0, 0, 0.0, 0, 0, 0, 0, 0.0, 0, 0.0, 0, 0.0, 0, 0.0, 0.0, 0.0, 0.0, 0, 0, 0, 0, 1.0, 0.0, 0.0, 0.0, 0.0, 0, 0, 0.0, 0.0]]
[[1, 2, 2, 2, 2, 2, 0, 0, 0, 0, 0, 0, 0, 0, 0, 0, 2, 0, 0, 0, 1, 1, 0, 1, 2, 2, 1, 0, 1, 0, 1, 0, 2, 0, 0, 0, 0, 1, 1, 1, 2, 2, 0, 0, 0, 0, 1, 1, 0, 0], [0, 0, 0, 0, 0, 0.0, 0.0, 0.0, 0.0, 0.0, 3.3075530036384083e-308, 1.9803689727037426e-303, 1.3003096562825466e-295, 2.3208225941796005e-287, 9.123929462085072e-275, 0, 1.172570929183388e-255, 6.079434979197592e-234, 8.349392525651157e-202, 0, 0, 5.073116134672037e-164, 0, 0, 0, 0, 1.0076552187941643e-119, 0, 1.1677812485237086e-60, 0, 1.0, 0, 0.0, 1.189925434026365e-222, 0.0, 0.0, 0, 0, 0, 0, 0, 0.0, 0.0, 0.0, 0.0, 0, 0, 0.0, 0.0]]
[[2, 2, 2, 2, 2, 2, 0, 0, 0, 0, 0, 0, 0, 0, 0, 0, 2, 0, 0, 0, 1, 1, 0, 1, 2, 2, 1, 0, 1, 0, 1, 1, 2, 0, 0, 0, 0, 1, 1, 1, 2, 2, 0, 0, 0, 0, 1, 1, 0, 0], [0, 0, 0, 0, 0, 0.0, 0.0, 0.0, 0.0, 0.0, 0.0, 0.0, 0.0, 0.0, 0.0, 0, 0.0, 1.0, 0.0, 0, 0, 0.0, 0, 0, 0, 0, 0.0, 0, 0.0, 0, 0, 0, 0.0, 0.0, 0.0, 0.0, 0, 0, 0, 0, 0, 0.0, 0.0, 0.0, 0.0, 0, 0, 0.0, 0.0]]
[[1, 2, 2, 2, 2, 2, 0, 0, 0, 0, 0, 0, 0, 0, 0, 0, 2, 0, 2, 0, 1, 1, 0, 1, 2, 2, 1, 0, 1, 0, 1, 1, 2, 0, 0, 0, 0, 1, 1, 1, 2, 2, 0, 0, 0, 0, 1, 1, 0, 0], [0, 0, 0, 0, 0, 0.0, 0.0, 0.0, 0.0, 0.0, 0.0, 0.0, 0.0, 0.0, 0.0, 0, 0.0, 0, 0.0, 0, 0, 0.0, 0, 0, 0, 0, 0.0, 0, 0.0, 0, 0, 0, 0.0, 0.0, 0.0, 0.0, 0, 0, 0, 0, 0, 0.0, 0.0001233925152821097, 1.6699361004982378e-05, 0.0, 0, 0, 0.9998599073655631, 7.581498167045783e-10]]
[[2, 2, 2, 2, 2, 2, 0, 0, 0, 0, 0, 0, 0, 0, 0, 0, 2, 0, 2, 0, 1, 1, 0, 1, 2, 2, 1, 0, 1, 0, 1, 1, 2, 0, 0, 0, 0, 1, 1, 1, 2, 2, 0, 0, 0, 0, 1, 1, 1, 0], [0, 0, 0, 0, 0, 0.0, 1.0, 0.0, 0.0, 0.0, 0.0, 0.0, 0.0, 0.0, 0.0, 0, 0.0, 0, 0.0, 0, 0, 0.0, 0, 0, 0, 0, 0.0, 0, 0.0, 0, 0, 0, 0.0, 0.0, 0.0, 0.0, 0, 0, 0, 0, 0, 0.0, 0.0, 0.0, 0.0, 0, 0, 0, 0.0]]
[[1, 2, 2, 2, 2, 2, 0, 2, 0, 0, 0, 0, 0, 0, 0, 0, 2, 0, 2, 0, 1, 1, 0, 1, 2, 2, 1, 0, 1, 0, 1, 1, 2, 0, 0, 0, 0, 1, 1, 1, 2, 2, 0, 0, 0, 0, 1, 1, 1, 0], [0, 0, 0, 0, 0, 0.0, 0, 0.0, 0.0, 0.0, 0.0, 0.0, 0.0, 0.0, 0.0, 0, 0.0, 0, 0.0, 0, 0, 0.0, 0, 0, 0, 0, 2.4439694694070774e-307, 0, 2.147638571035043e-257, 0, 0, 0, 7.230022902708112e-185, 3.1280620156019908e-93, 0.0, 1.0, 0, 0, 0, 0, 0, 1.3541111948971181e-272, 0.0, 0.0, 0.0, 0, 0, 0, 0.0]]
[[2, 2, 2, 2, 2, 2, 0, 2, 0, 0, 0, 0, 0, 0, 0, 0, 2, 0, 2, 0, 1, 1, 0, 1, 2, 2, 1, 0, 1, 0, 1, 1, 2, 0, 0, 0, 1, 1, 1, 1, 2, 2, 0, 0, 0, 0, 1, 1, 1, 0], [0, 0, 0, 0, 0, 0.0, 0, 0.0, 0.0, 0.0, 0.0, 0.0, 0.0, 0.0, 0.0, 0, 0.0, 0, 0.0, 0, 0, 0.0, 0, 0, 0, 0, 0.0, 0, 0.0, 0, 0, 0, 1.0, 0.0, 0.0, 0, 0, 0, 0, 0, 0, 0.0, 0.0, 0.0, 0.0, 0, 0, 0, 0.0]]
[[1, 2, 2, 2, 2, 2, 0, 2, 0, 0, 0, 0, 0, 0, 0, 0, 2, 0, 2, 0, 1, 1, 0, 1, 2, 2, 1, 0, 1, 0, 1, 1, 2, 2, 0, 0, 1, 1, 1, 1, 2, 2, 0, 0, 0, 0, 1, 1, 1, 0], [0, 0, 0, 0, 0, 0.0, 0, 0.0, 0.0, 0.0, 0.0, 0.0, 0.0, 0.0, 2.171738281389827e-300, 0, 3.3565060717995146e-275, 0, 4.6097683097327105e-243, 0, 0, 1.8872377456157127e-207, 0, 0, 0, 0, 2.4612993808147185e-155, 0, 0.0, 0, 0, 0, 0, 2.3113425714217192e-92, 1.0, 0, 0, 0, 0, 0, 0, 1.000560358328482e-271, 0.0, 0.0, 0.0, 0, 0, 0, 0.0]]
[[2, 2, 2, 2, 2, 2, 0, 2, 0, 0, 0, 0, 0, 0, 0, 0, 2, 0, 2, 0, 1, 1, 0, 1, 2, 2, 1, 0, 1, 0, 1, 1, 2, 2, 0, 1, 1, 1, 1, 1, 2, 2, 0, 0, 0, 0, 1, 1, 1, 0], [0, 0, 0, 0, 0, 1.0, 0, 0.0, 0.0, 0.0, 0.0, 0.0, 0.0, 0.0, 0.0, 0, 0.0, 0, 0.0, 0, 0, 0.0, 0, 0, 0, 0, 0.0, 0, 0.0, 0, 0, 0, 0, 0.0, 0, 0, 0, 0, 0, 0, 0, 0.0, 0.0, 0.0, 0.0, 0, 0, 0, 0.0]]
[[1, 2, 2, 2, 2, 2, 2, 2, 0, 0, 0, 0, 0, 0, 0, 0, 2, 0, 2, 0, 1, 1, 0, 1, 2, 2, 1, 0, 1, 0, 1, 1, 2, 2, 0, 1, 1, 1, 1, 1, 2, 2, 0, 0, 0, 0, 1, 1, 1, 0], [0, 0, 0, 0, 0, 0, 0, 0.0, 0.0, 0.0, 0.0, 0.0, 0.0, 0.0, 0.0, 0, 0.0, 0, 0.0, 0, 0, 0.0, 0, 0, 0, 0, 0.0, 0, 0.0, 0, 0, 0, 0, 0.0, 0, 0, 0, 0, 0, 0, 0, 0.0, 0.0, 1.0, 2.1705220113036395e-29, 0, 0, 0, 1.5573703742969461e-94]]
[[2, 2, 2, 2, 2, 2, 2, 2, 0, 0, 0, 0, 0, 0, 0, 0, 2, 0, 2, 0, 1, 1, 0, 1, 2, 2, 1, 0, 1, 0, 1, 1, 2, 2, 0, 1, 1, 1, 1, 1, 2, 2, 0, 0, 1, 0, 1, 1, 1, 0], [0, 0, 0, 0, 0, 0, 0, 0.0, 1.0, 0.0, 0.0, 0.0, 0.0, 0.0, 0.0, 0, 0.0, 0, 0.0, 0, 0, 0.0, 0, 0, 0, 0, 0.0, 0, 0.0, 0, 0, 0, 0, 0.0, 0, 0, 0, 0, 0, 0, 0, 0.0, 0.0, 0, 0.0, 0, 0, 0, 0.0]]
[[1, 2, 2, 2, 2, 2, 2, 2, 0, 2, 0, 0, 0, 0, 0, 0, 2, 0, 2, 0, 1, 1, 0, 1, 2, 2, 1, 0, 1, 0, 1, 1, 2, 2, 0, 1, 1, 1, 1, 1, 2, 2, 0, 0, 1, 0, 1, 1, 1, 0], [0, 0, 0, 0, 0, 0, 0, 0.0, 0, 0.0, 0.0, 0.0, 0.0, 0.0, 0.0, 0, 0.0, 0, 0.0, 0, 0, 0.0, 0, 0, 0, 0, 0.0, 0, 0.0, 0, 0, 0, 0, 0.0, 0, 0, 0, 0, 0, 0, 0, 0.0, 1.6829555964029656e-124, 0, 5.66566817635894e-52, 0, 0, 0, 1.0]]
