[[1, 0, 0, 0, 0, 0, 0, 0, 0, 0, 0, 0, 0, 0, 0, 0, 0, 0, 0, 0, 0, 0, 0, 0, 0, 0, 0, 0, 0, 0, 0, 0, 0, 0, 0, 0, 0, 0, 0, 0, 0, 0, 0, 0, 0, 0, 0, 0, 0, 0], [5.81725061885724e-30, 5.81725061885724e-30, 5.81725061885724e-30, 5.81725061885724e-30, 5.81725061885724e-30, 5.81725061885724e-30, 1.168426020964934e-28, 8.633565416360217e-28, 4.298399116427518e-29, 2.346846398610443e-27, 6.37938991952732e-27, 2.346846398610443e-27, 3.1761112206876873e-28, 1.168426020964934e-28, 1.2167707497620225e-05, 3.1761112206876873e-28, 8.633565416360217e-28, 0.09859595505940494, 1.281334717760772e-25, 1.581292664883177e-29, 3.483028879462806e-25, 3.483028879462806e-25, 0.09859595505940494, 9.467854111041816e-25, 1.0117798229923025e-11, 0.00024439493821399845, 1.2167707497620225e-05, 0.000664334319514483, 0.7285310430615883, 1.2167707497620225e-05, 0.03627142484901853, 2.5079514385492723e-14, 0.03627142484901853, 9.226237736986212e-15, 2.5079514385492723e-14, 2.5079514385492723e-14, 3.722129958709491e-12, 8.990787329529493e-05, 1.6467201405306888e-06, 6.81731882206621e-14, 6.81731882206621e-14, 1.2486354973433537e-15, 4.593473289894988e-16, 3.722129958709491e-12, 5.524130657624185e-10, 1.2486354973433537e-15, 0.000664334319514483, 3.307525818478593e-05, 9.226237736986212e-15]]
[[2, 0, 0, 0, 0, 0, 0, 0, 0, 0, 0, 0, 0, 0, 0, 0, 0, 0, 0, 0, 0, 0, 0, 0, 0, 0, 0, 0, 0, 1, 0, 0, 0, 0, 0, 0, 0, 0, 0, 0, 0, 0, 0, 0, 0, 0, 0, 0, 0, 0], [0.0, 0.0, 0.0, 0.0, 0.0, 0.0, 0.0, 0.0, 0.0, 0.0, 0.0, 0.0, 0.0, 0.0, 0.0, 0.0, 0.0, 0.0, 0.0, 0.0, 0.0, 0.0, 0.0, 0.0, 0.0, 0.0, 0.0, 0.0, 0, 0.0, 0.0, 0.0, 0.0, 1.0, 0.0, 0.0, 0.0, 0.0, 0.0, 0.0, 0.0, 0.0, 0.0, 0.0, 0.0, 0.0, 0.0, 0.0, 0.0]]
[[1, 0, 0, 0, 0, 0, 0, 0, 0, 0, 0, 0, 0, 0, 0, 0, 0, 0, 0, 0, 0, 0, 0, 0, 0, 0, 0, 0, 0, 1, 0, 0, 0, 0, 2, 0, 0, 0, 0, 0, 0, 0, 0, 0, 0, 0, 0, 0, 0, 0], [0.0, 0.0, 0.0, 0.0, 0.0, 0.0, 0.0, 0.0, 1.0, 0.0, 0.0, 0.0, 0.0, 0.0, 0.0, 0.0, 0.0, 0.0, 0.0, 0.0, 0.0, 0.0, 0.0, 0.0, 0.0, 0.0, 0.0, 0.0, 0, 0.0, 0.0, 0.0, 0.0, 0, 0.0, 0.0, 0.0, 0.0, 0.0, 0.0, 0.0, 0.0, 0.0, 0.0, 0.0, 0.0, 0.0, 0.0, 0.0]]
[[2, 0, 0, 0, 0, 0, 0, 0, 0, 1, 0, 0, 0, 0, 0, 0, 0, 0, 0, 0, 0, 0, 0, 0, 0, 0, 0, 0, 0, 1, 0, 0, 0, 0, 2, 0, 0, 0, 0, 0, 0, 0, 0, 0, 0, 0, 0, 0, 0, 0], [0.0, 0.0, 0.0, 0.0, 0.0, 0.0, 0.0, 0.0, 0, 0.0, 0.0, 0.0, 0.0, 0.0, 0.0, 0.0, 0.0, 0.0, 0.0, 0.0, 0.0, 0.0, 0.0, 0.0, 0.0, 0.0, 0.0, 0.0, 0, 0.0, 0.0, 0.0, 0.0, 0, 0.0, 0.0, 0.0, 0.0, 0.0, 0.0, 0.0, 0.0, 1.0, 0.0, 0.0, 0.0, 0.0, 0.0, 0.0]]
[[1, 0, 0, 0, 0, 0, 0, 0, 0, 1, 0, 0, 0, 0, 0, 0, 0, 0, 0, 0, 0, 0, 0, 0, 0, 0, 0, 0, 0, 1, 0, 0, 0, 0, 2, 0, 0, 0, 0, 0, 0, 0, 0, 2, 0, 0, 0, 0, 0, 0], [0.0, 0.0, 0.0, 0.0, 0.0, 0.0, 0.0, 0.0, 0, 0.0, 0.0, 0.0, 1.0, 0.0, 0.0, 0.0, 0.0, 0.0, 0.0, 0.0, 0.0, 0.0, 0.0, 0.0, 0.0, 0.0, 0.0, 0.0, 0, 0.0, 0.0, 0.0, 0.0, 0, 0.0, 0.0, 0.0, 0.0, 0.0, 0.0, 0.0, 0.0, 0, 0.0, 0.0, 0.0, 0.0, 0.0, 0.0]]
[[2, 0, 0, 0, 0, 0, 0, 0, 0, 1, 0, 0, 0, 1, 0, 0, 0, 0, 0, 0, 0, 0, 0, 0, 0, 0, 0, 0, 0, 1, 0, 0, 0, 0, 2, 0, 0, 0, 0, 0, 0, 0, 0, 2, 0, 0, 0, 0, 0, 0], [0.0, 0.0, 0.0, 0.0, 0.0, 0.0, 0.0, 0.0, 0, 0.0, 0.0, 0.0, 0, 0.0, 0.0, 0.0, 0.0, 0.0, 0.0, 0.0, 1.0, 0.0, 0.0, 0.0, 0.0, 0.0, 0.0, 0.0, 0, 0.0, 0.0, 0.0, 0.0, 0, 0.0, 0.0, 0.0, 0.0, 0.0, 0.0, 0.0, 0.0, 0, 0.0, 0.0, 0.0, 0.0, 0.0, 0.0]]
[[1, 0, 0, 0, 0, 0, 0, 0, 0, 1, 0, 0, 0, 1, 0, 0, 0, 0, 0, 0, 0, 2, 0, 0, 0, 0, 0, 0, 0, 1, 0, 0, 0, 0, 2, 0, 0, 0, 0, 0, 0, 0, 0, 2, 0, 0, 0, 0, 0, 0], [0.0, 0.0, 0.0, 0.0, 0.0, 0.0, 0.0, 1.0, 0, 0.0, 0.0, 0.0, 0, 0.0, 0.0, 0.0, 0.0, 0.0, 0.0, 0.0, 0, 0.0, 0.0, 0.0, 0.0, 0.0, 0.0, 0.0, 0, 0.0, 0.0, 0.0, 0.0, 0, 0.0, 0.0, 0.0, 0.0, 0.0, 0.0, 0.0, 0.0, 0, 0.0, 0.0, 0.0, 0.0, 0.0, 0.0]]
[[2, 0, 0, 0, 0, 0, 0, 0, 1, 1, 0, 0, 0, 1, 0, 0, 0, 0, 0, 0, 0, 2, 0, 0, 0, 0, 0, 0, 0, 1, 0, 0, 0, 0, 2, 0, 0, 0, 0, 0, 0, 0, 0, 2, 0, 0, 0, 0, 0, 0], [0.0, 1.0, 0.0, 0.0, 0.0, 0.0, 0.0, 0, 0, 0.0, 0.0, 0.0, 0, 0.0, 0.0, 0.0, 0.0, 0.0, 0.0, 0.0, 0, 0.0, 0.0, 0.0, 0.0, 0.0, 0.0, 0.0, 0, 0.0, 0.0, 0.0, 0.0, 0, 0.0, 0.0, 0.0, 0.0, 0.0, 0.0, 0.0, 0.0, 0, 0.0, 0.0, 0.0, 0.0, 0.0, 0.0]]
[[1, 0, 2, 0, 0, 0, 0, 0, 1, 1, 0, 0, 0, 1, 0, 0, 0, 0, 0, 0, 0, 2, 0, 0, 0, 0, 0, 0, 0, 1, 0, 0, 0, 0, 2, 0, 0, 0, 0, 0, 0, 0, 0, 2, 0, 0, 0, 0, 0, 0], [2.171738281389827e-300, 0, 5.9033967064708435e-300, 1.604709599338467e-299, 1.185728925200446e-298, 8.76141754643084e-298, 4.783571897030535e-296, 0, 0, 1.929830639004783e-293, 1.929830639004783e-293, 1.929830639004783e-293, 0, 1.4259626853041525e-292, 7.09945017032607e-294, 2.6117417612840555e-294, 3.873997628687187e-21, 3.8761684555229417e-292, 1.6218080426054863e-71, 5.729245429933205e-95, 0, 2.5919001981743924e-175, 7.785492463390136e-291, 4.764032113782328e-101, 3.5596716168395205e-143, 7.47197233734299e-43, 2.3455513385429143e-59, 6.424678257926742e-178, 0, 7.989378653283182e-301, 2.6991425138208544e-152, 6.4474163546704995e-102, 2.261596001389369e-277, 0, 1.5400882849875202e-51, 4.694550937881265e-134, 1.0, 1.473681879304291e-150, 3.860335205164256e-97, 5.20597071316492e-174, 1.1941367950549688e-146, 3.0374847438501007e-159, 0, 2.6597767851049895e-185, 1.7722561415473398e-144, 4.999127113166508e-197, 3.706956387834846e-120, 7.640606587007545e-129, 1.4201379580102718e-97]]
[[2, 0, 2, 0, 0, 0, 0, 0, 1, 1, 0, 0, 0, 1, 0, 0, 0, 0, 0, 0, 0, 2, 0, 0, 0, 0, 0, 0, 0, 1, 0, 0, 0, 0, 2, 0, 0, 1, 0, 0, 0, 0, 0, 2, 0, 0, 0, 0, 0, 0], [0.0, 0, 0.0, 0.0, 0.0, 0.0, 0.0, 0, 0, 0.0, 0.0, 0.0, 0, 1.0, 0.0, 0.0, 0.0, 0.0, 0.0, 0.0, 0, 0.0, 0.0, 0.0, 0.0, 0.0, 0.0, 0.0, 0, 0.0, 0.0, 0.0, 0.0, 0, 0.0, 0.0, 0, 0.0, 0.0, 0.0, 0.0, 0.0, 0, 0.0, 0.0, 0.0, 0.0, 0.0, 0.0]]
[[1, 0, 2, 0, 0, 0, 0, 0, 1, 1, 0, 0, 0, 1, 2, 0, 0, 0, 0, 0, 0, 2, 0, 0, 0, 0, 0, 0, 0, 1, 0, 0, 0, 0, 2, 0, 0, 1, 0, 0, 0, 0, 0, 2, 0, 0, 0, 0, 0, 0], [0.0, 0, 0.0, 0.0, 0.0, 0.0, 1.0, 0, 0, 0.0, 0.0, 0.0, 0, 0, 0.0, 0.0, 0.0, 0.0, 0.0, 0.0, 0, 0.0, 0.0, 0.0, 0.0, 0.0, 0.0, 0.0, 0, 0.0, 0.0, 0.0, 0.0, 0, 0.0, 0.0, 0, 0.0, 0.0, 0.0, 0.0, 0.0, 0, 0.0, 0.0, 0.0, 0.0, 0.0, 0.0]]
[[2, 0, 2, 0, 0, 0, 0, 1, 1, 1, 0, 0, 0, 1, 2, 0, 0, 0, 0, 0, 0, 2, 0, 0, 0, 0, 0, 0, 0, 1, 0, 0, 0, 0, 2, 0, 0, 1, 0, 0, 0, 0, 0, 2, 0, 0, 0, 0, 0, 0], [0.0, 0, 0.0, 1.0, 0.0, 0.0, 0, 0, 0, 0.0, 0.0, 0.0, 0, 0, 0.0, 0.0, 0.0, 0.0, 0.0, 0.0, 0, 0.0, 0.0, 0.0, 0.0, 0.0, 0.0, 0.0, 0, 0.0, 0.0, 0.0, 0.0, 0, 0.0, 0.0, 0, 0.0, 0.0, 0.0, 0.0, 0.0, 0, 0.0, 0.0, 0.0, 0.0, 0.0, 0.0]]
[[1, 0, 2, 0, 2, 0, 0, 1, 1, 1, 0, 0, 0, 1, 2, 0, 0, 0, 0, 0, 0, 2, 0, 0, 0, 0, 0, 0, 0, 1, 0, 0, 0, 0, 2, 0, 0, 1, 0, 0, 0, 0, 0, 2, 0, 0, 0, 0, 0, 0], [0.0, 0, 0.0, 0, 0.0, 0.0, 0, 0, 0, 0.0, 0.0, 0.0, 0, 0, 0.0, 0.0, 0.0, 0.0, 0.0, 0.0, 0, 0.0, 1.8058627513488724e-306, 1.334362117668607e-305, 7.989378653268166e-301, 8.761417546414372e-298, 7.099450170312726e-294, 2.3208225941752384e-287, 0, 7.586809378784645e-281, 1.4849632365205695e-269, 5.323463782635735e-260, 9.501440650190183e-252, 0, 1.1426473231656078e-245, 1.1134873572631297e-235, 0, 0.0, 4.800501821946733e-220, 1.1299674023105323e-202, 9.784771973433599e-186, 6.865716089767794e-165, 0, 1.3438239286995442e-153, 6.967331352576128e-132, 2.8524233391582034e-96, 1.2806276389196762e-57, 1.8795288165355504e-12, 0.9999999999981204]]
[[2, 0, 2, 0, 2, 0, 0, 1, 1, 1, 0, 0, 0, 1, 2, 0, 0, 0, 0, 0, 0, 2, 0, 0, 0, 0, 0, 0, 0, 1, 0, 0, 0, 0, 2, 0, 0, 1, 0, 0, 0, 0, 0, 2, 0, 0, 0, 0, 0, 1], [1.0, 0, 0.0, 0, 0.0, 0.0, 0, 0, 0, 0.0, 0.0, 0.0, 0, 0, 0.0, 0.0, 0.0, 0.0, 0.0, 0.0, 0, 0.0, 0.0, 0.0, 0.0, 0.0, 0.0, 0.0, 0, 0.0, 0.0, 0.0, 0.0, 0, 0.0, 0.0, 0, 0.0, 0.0, 0.0, 0.0, 0.0, 0, 0.0, 0.0, 0.0, 0.0, 0.0, 0]]
[[1, 2, 2, 0, 2, 0, 0, 1, 1, 1, 0, 0, 0, 1, 2, 0, 0, 0, 0, 0, 0, 2, 0, 0, 0, 0, 0, 0, 0, 1, 0, 0, 0, 0, 2, 0, 0, 1, 0, 0, 0, 0, 0, 2, 0, 0, 0, 0, 0, 1], [0, 0, 2.5684466586135446e-218, 0, 2.5684466586135446e-218, 2.5684466586135446e-218, 0, 0, 0, 2.5684466586135446e-218, 2.5684466586135446e-218, 2.5684466586135446e-218, 0, 0, 2.5684466586135446e-218, 2.5684466586135446e-218, 2.5684466586135446e-218, 2.5684466586135446e-218, 2.5684466586135446e-218, 2.5684466586135446e-218, 0, 2.5684466586135446e-218, 2.5684466586135446e-218, 6.98176187947555e-218, 5.158863019682034e-217, 1.4023243601911029e-216, 1.4023243601911029e-216, 2.816643771490392e-215, 0, 2.816643771490392e-215, 2.0812338838246115e-214, 4.1802700019348496e-213, 4.1802700019348496e-213, 0, 1.68644128335445e-210, 9.207657421067458e-209, 0, 1.8494074310691335e-207, 5.513005852939858e-204, 4.467234911958598e-200, 1.7235366219367164e-25, 0.04878906985862268, 0, 0.04878906985862268, 0.36050517420000944, 0.36050517420000944, 0.13262244202411294, 0.04878906985862268, 0]]
[[2, 2, 2, 0, 2, 0, 0, 1, 1, 1, 0, 0, 0, 1, 2, 0, 0, 0, 0, 0, 0, 2, 0, 0, 0, 0, 0, 0, 0, 1, 0, 0, 0, 0, 2, 0, 0, 1, 0, 0, 0, 0, 0, 2, 0, 1, 0, 0, 0, 1], [0, 0, 0.0, 0, 1.0, 0.0, 0, 0, 0, 0.0, 0.0, 0.0, 0, 0, 0.0, 0.0, 0.0, 0.0, 0.0, 0.0, 0, 0.0, 0.0, 0.0, 0.0, 0.0, 0.0, 0.0, 0, 0.0, 0.0, 0.0, 0.0, 0, 0.0, 0.0, 0, 0.0, 0.0, 0.0, 0.0, 0.0, 0, 0.0, 0, 0.0, 0.0, 0.0, 0]]
[[1, 2, 2, 0, 2, 2, 0, 1, 1, 1, 0, 0, 0, 1, 2, 0, 0, 0, 0, 0, 0, 2, 0, 0, 0, 0, 0, 0, 0, 1, 0, 0, 0, 0, 2, 0, 0, 1, 0, 0, 0, 0, 0, 2, 0, 1, 0, 0, 0, 1], [0, 0, 1.7402495587195024e-253, 0, 0, 1.7402495587195024e-253, 0, 0, 0, 4.730488752451095e-253, 3.4953846767221607e-252, 1.410138822923015e-249, 0, 0, 1.410138822923015e-249, 1.5464049912046552e-246, 1.6958389897142937e-243, 3.406183664368772e-242, 5.54372711829158e-237, 6.079434979197592e-234, 0, 6.666909982697905e-231, 5.924289893653082e-224, 4.730488752451095e-253, 1.5692923852557387e-213, 2.0696074896799628e-204, 2.2116807832197576e-191, 1.3242248864327946e-186, 0, 1.9151695967140057e-174, 1.9944115453630993e-151, 2.563137964446793e-132, 3.6123561383267394e-110, 0, 6.122543565829638e-82, 4.0795586671775603e-41, 0, 1.0, 4.4422796033665057e-190, 6.402020351605795e-254, 6.402020351605795e-254, 6.402020351605795e-254, 0, 6.402020351605795e-254, 0, 6.402020351605795e-254, 6.402020351605795e-254, 6.402020351605795e-254, 0]]
[[2, 2, 2, 0, 2, 2, 0, 1, 1, 1, 0, 0, 0, 1, 2, 0, 0, 0, 0, 0, 0, 2, 0, 0, 0, 0, 0, 0, 0, 1, 0, 0, 0, 0, 2, 0, 0, 1, 1, 0, 0, 0, 0, 2, 0, 1, 0, 0, 0, 1], [0, 0, 1.0, 0, 0, 0.0, 0, 0, 0, 0.0, 0.0, 0.0, 0, 0, 0.0, 0.0, 0.0, 0.0, 0.0, 0.0, 0, 0.0, 0.0, 0.0, 0.0, 0.0, 0.0, 0.0, 0, 0.0, 0.0, 0.0, 0.0, 0, 0.0, 0.0, 0, 0, 0.0, 0.0, 0.0, 0.0, 0, 0.0, 0, 0.0, 0.0, 0.0, 0]]
[[1, 2, 2, 2, 2, 2, 0, 1, 1, 1, 0, 0, 0, 1, 2, 0, 0, 0, 0, 0, 0, 2, 0, 0, 0, 0, 0, 0, 0, 1, 0, 0, 0, 0, 2, 0, 0, 1, 1, 0, 0, 0, 0, 2, 0, 1, 0, 0, 0, 1], [0, 0, 0, 0, 0, 2.009679202108461e-270, 0, 0, 0, 2.009679202108461e-270, 2.009679202108461e-270, 2.009679202108461e-270, 0, 0, 2.009679202108461e-270, 2.009679202108461e-270, 2.009679202108461e-270, 1.4849632365233607e-269, 5.462874456123502e-270, 4.036548581771183e-269, 0, 2.982628391676622e-268, 1.6284599242187592e-266, 2.4168488182524857e-264, 5.3234637826457406e-260, 4.3136473816186357e-256, 6.402020351605795e-254, 2.832339539464062e-248, 0, 6.841502775783764e-241, 1.1134873572652227e-235, 1.987377856181155e-227, 3.547117726544988e-219, 0, 2.329036404514219e-211, 8.136318905805023e-192, 0, 0, 5.858548237893602e-181, 2.0466411214592676e-161, 1.8939170208596265e-131, 1.598154732301378e-104, 0, 1.580420060273613e-61, 0, 1.0, 1.0768281882584307e-106, 7.393196618055307e-271, 0]]
[[2, 2, 2, 2, 2, 2, 0, 1, 1, 1, 0, 0, 0, 1, 2, 0, 0, 0, 0, 0, 0, 2, 0, 0, 0, 0, 0, 0, 0, 1, 0, 0, 0, 0, 2, 0, 0, 1, 1, 0, 0, 0, 0, 2, 0, 1, 1, 0, 0, 1], [0, 0, 0, 0, 0, 1.0, 0, 0, 0, 0.0, 0.0, 0.0, 0, 0, 0.0, 0.0, 0.0, 0.0, 0.0, 0.0, 0, 0.0, 0.0, 0.0, 0.0, 0.0, 0.0, 0.0, 0, 0.0, 0.0, 0.0, 0.0, 0, 0.0, 0.0, 0, 0, 0.0, 0.0, 0.0, 0.0, 0, 0.0, 0, 0, 0.0, 0.0, 0]]
[[1, 2, 2, 2, 2, 2, 2, 1, 1, 1, 0, 0, 0, 1, 2, 0, 0, 0, 0, 0, 0, 2, 0, 0, 0, 0, 0, 0, 0, 1, 0, 0, 0, 0, 2, 0, 0, 1, 1, 0, 0, 0, 0, 2, 0, 1, 1, 0, 0, 1], [0, 0, 0, 0, 0, 0, 0, 0, 0, 0.0, 0.0, 0.0, 0, 0, 0.0, 0.0, 0.0, 0.0, 9.85967654375977e-305, 1.185728925200446e-298, 0, 2.864122616676439e-291, 3.7772499723621244e-282, 1.785823150070186e-263, 2.5168482179282025e-241, 9.396003466738291e-209, 9.535067964765461e-176, 4.280876336630965e-137, 0, 2.8946403116483003e-63, 1.0, 5.09107080895011e-88, 0.0, 0, 0.0, 0.0, 0, 0, 0.0, 0.0, 0.0, 0.0, 0, 0.0, 0, 0, 0.0, 0.0, 0]]
[[2, 2, 2, 2, 2, 2, 2, 1, 1, 1, 0, 0, 0, 1, 2, 0, 0, 0, 0, 0, 0, 2, 0, 0, 0, 0, 0, 0, 0, 1, 0, 1, 0, 0, 2, 0, 0, 1, 1, 0, 0, 0, 0, 2, 0, 1, 1, 0, 0, 1], [0, 0, 0, 0, 0, 0, 0, 0, 0, 0.0, 1.0, 0.0, 0, 0, 0.0, 0.0, 0.0, 0.0, 0.0, 0.0, 0, 0.0, 0.0, 0.0, 0.0, 0.0, 0.0, 0.0, 0, 0.0, 0, 0.0, 0.0, 0, 0.0, 0.0, 0, 0, 0.0, 0.0, 0.0, 0.0, 0, 0.0, 0, 0, 0.0, 0.0, 0]]
[[1, 2, 2, 2, 2, 2, 2, 1, 1, 1, 0, 2, 0, 1, 2, 0, 0, 0, 0, 0, 0, 2, 0, 0, 0, 0, 0, 0, 0, 1, 0, 1, 0, 0, 2, 0, 0, 1, 1, 0, 0, 0, 0, 2, 0, 1, 1, 0, 0, 1], [0, 0, 0, 0, 0, 0, 0, 0, 0, 7.285370309915161e-304, 0, 5.38320099214469e-303, 0, 0, 7.285370309915161e-304, 7.285370309915161e-304, 3.977677412277625e-302, 7.989378653283182e-301, 6.473860575673281e-297, 2.3816002108005187e-297, 0, 3.5346081100426732e-295, 5.245823558010209e-293, 7.285370309915161e-304, 3.140891831252265e-288, 5.6059360111838305e-280, 2.7198050403207837e-271, 4.8543706176772776e-263, 0, 2.2950684999667508e-244, 0, 6.666909982697905e-231, 3.4565965045886174e-209, 0, 1.7921435007435354e-187, 4.8174916649430757e-144, 0, 0, 2.9271224965153684e-106, 1.2806276389220833e-57, 1.0, 1.4954929430743996e-117, 0, 9.85967654375977e-305, 0, 0, 9.85967654375977e-305, 9.85967654375977e-305, 0]]
[[2, 2, 2, 2, 2, 2, 2, 1, 1, 1, 0, 2, 0, 1, 2, 0, 0, 0, 0, 0, 0, 2, 0, 0, 0, 0, 0, 0, 0, 1, 0, 1, 0, 0, 2, 0, 0, 1, 1, 0, 0, 1, 0, 2, 0, 1, 1, 0, 0, 1], [0, 0, 0, 0, 0, 0, 0, 0, 0, 0.0, 0, 0.0, 0, 0, 0.0, 0.0, 0.0, 0.0, 0.0, 0.0, 0, 0.0, 0.0, 0.0, 0.0, 0.0, 0.0, 0.0, 0, 0.0, 0, 0.0, 0.0, 0, 0.0, 0.0, 0, 0, 0.0, 0.0, 0, 0.0, 0, 0.0, 0, 0, 1.0, 0.0, 0]]
[[1, 2, 2, 2, 2, 2, 2, 1, 1, 1, 0, 2, 0, 1, 2, 0, 0, 0, 0, 0, 0, 2, 0, 0, 0, 0, 0, 0, 0, 1, 0, 1, 0, 0, 2, 0, 0, 1, 1, 0, 0, 1, 0, 2, 0, 1, 1, 2, 0, 1], [0, 0, 0, 0, 0, 0, 0, 0, 0, 0.0, 0, 0.0, 0, 0, 0.0, 0.0, 0.0, 0.0, 0.0, 0.0, 0, 0.0, 0.0, 0.0, 0.0, 2.4129435656491803e-305, 1.0675185476049531e-299, 1.905331666974118e-291, 0, 4.089672096787915e-277, 0, 3.634127824469458e-270, 1.566756652310184e-254, 0, 1.884188262311891e-248, 3.5020874859551108e-217, 0, 0, 7.828029158963009e-180, 0.0, 0, 0.24472847105479759, 0, 0.6652409557748218, 0, 0, 0, 0.09003057317038045, 0]]
[[2, 2, 2, 2, 2, 2, 2, 1, 1, 1, 0, 2, 0, 1, 2, 0, 0, 0, 0, 0, 0, 2, 0, 0, 0, 0, 0, 0, 0, 1, 0, 1, 0, 0, 2, 0, 0, 1, 1, 0, 0, 1, 0, 2, 1, 1, 1, 2, 0, 1], [0, 0, 0, 0, 0, 0, 0, 0, 0, 1.0, 0, 0.0, 0, 0, 0.0, 0.0, 0.0, 0.0, 0.0, 0.0, 0, 0.0, 0.0, 0.0, 0.0, 0.0, 0.0, 0.0, 0, 0.0, 0, 0.0, 0.0, 0, 0.0, 0.0, 0, 0, 0.0, 0.0, 0, 0.0, 0, 0, 0, 0, 0, 0.0, 0]]
[[1, 2, 2, 2, 2, 2, 2, 1, 1, 1, 2, 2, 0, 1, 2, 0, 0, 0, 0, 0, 0, 2, 0, 0, 0, 0, 0, 0, 0, 1, 0, 1, 0, 0, 2, 0, 0, 1, 1, 0, 0, 1, 0, 2, 1, 1, 1, 2, 0, 1], [0, 0, 0, 0, 0, 0, 0, 0, 0, 0, 0, 6.473860575673281e-297, 0, 0, 2.864122616676439e-291, 1.2671262019732885e-285, 1.5238513990705191e-279, 7.393196618055308e-271, 5.3234637826457406e-260, 1.410138822923015e-249, 0, 9.258967159247676e-242, 6.666909982697905e-231, 4.677994669831859e-210, 1.5925185216216938e-180, 3.2460003506922445e-146, 2.433986420186662e-112, 5.301718666092323e-65, 0, 5.9033967064708435e-300, 0, 1.0, 2.1871378321977186e-148, 0, 9.85967654375977e-305, 9.85967654375977e-305, 0, 0, 9.85967654375977e-305, 9.85967654375977e-305, 0, 9.85967654375977e-305, 0, 0, 0, 0, 0, 9.85967654375977e-305, 0]]
[[2, 2, 2, 2, 2, 2, 2, 1, 1, 1, 2, 2, 0, 1, 2, 0, 0, 0, 0, 0, 0, 2, 0, 0, 0, 0, 0, 0, 0, 1, 0, 1, 1, 0, 2, 0, 0, 1, 1, 0, 0, 1, 0, 2, 1, 1, 1, 2, 0, 1], [0, 0, 0, 0, 0, 0, 0, 0, 0, 0, 0, 0.0, 0, 0, 1.0, 0.0, 0.0, 0.0, 0.0, 0.0, 0, 0.0, 0.0, 0.0, 0.0, 0.0, 0.0, 0.0, 0, 0.0, 0, 0, 0.0, 0, 0.0, 0.0, 0, 0, 0.0, 0.0, 0, 0.0, 0, 0, 0, 0, 0, 0.0, 0]]
[[1, 2, 2, 2, 2, 2, 2, 1, 1, 1, 2, 2, 0, 1, 2, 2, 0, 0, 0, 0, 0, 2, 0, 0, 0, 0, 0, 0, 0, 1, 0, 1, 1, 0, 2, 0, 0, 1, 1, 0, 0, 1, 0, 2, 1, 1, 1, 2, 0, 1], [0, 0, 0, 0, 0, 0, 0, 0, 0, 0, 0, 0.0, 0, 0, 0, 0.0, 0.0, 0.0, 0.0, 0.0, 0, 0.0, 0.0, 6.643397797997952e-307, 1.3003096562825466e-295, 3.444406129188316e-285, 4.036548581771183e-269, 8.443085172179486e-245, 0, 5.264389475052911e-217, 0, 0, 5.342304482466365e-184, 0, 5.283021100229299e-141, 3.572269937619218e-67, 0, 0, 1.0, 2.4612993808147185e-155, 0, 0.0, 0, 0, 0, 0, 0, 0.0, 0]]
[[2, 2, 2, 2, 2, 2, 2, 1, 1, 1, 2, 2, 0, 1, 2, 2, 0, 0, 0, 0, 0, 2, 0, 0, 0, 0, 0, 0, 0, 1, 0, 1, 1, 0, 2, 0, 0, 1, 1, 1, 0, 1, 0, 2, 1, 1, 1, 2, 0, 1], [0, 0, 0, 0, 0, 0, 0, 0, 0, 0, 0, 0.0, 0, 0, 0, 1.0, 0.0, 0.0, 0.0, 0.0, 0, 0.0, 0.0, 0.0, 0.0, 0.0, 0.0, 0.0, 0, 0.0, 0, 0, 0.0, 0, 0.0, 0.0, 0, 0, 0, 0.0, 0, 0.0, 0, 0, 0, 0, 0, 0.0, 0]]
[[1, 2, 2, 2, 2, 2, 2, 1, 1, 1, 2, 2, 0, 1, 2, 2, 2, 0, 0, 0, 0, 2, 0, 0, 0, 0, 0, 0, 0, 1, 0, 1, 1, 0, 2, 0, 0, 1, 1, 1, 0, 1, 0, 2, 1, 1, 1, 2, 0, 1], [0, 0, 0, 0, 0, 0, 0, 0, 0, 0, 0, 0.0, 0, 0, 0, 0, 0.0, 0.0, 0.0, 0.0, 0, 0.0, 0.0, 0.0, 0.0, 0.0, 0.0, 4.36205294383555e-299, 0, 1.000560358328482e-271, 0, 0, 5.688906039890977e-247, 0, 6.3309773362105915e-211, 5.421372662229435e-151, 0, 0, 0, 9.964733010103672e-77, 0, 1.0, 0, 0, 0, 0, 0, 5.9033967064708435e-300, 0]]
[[2, 2, 2, 2, 2, 2, 2, 1, 1, 1, 2, 2, 0, 1, 2, 2, 2, 0, 0, 0, 0, 2, 0, 0, 0, 0, 0, 0, 0, 1, 0, 1, 1, 0, 2, 0, 0, 1, 1, 1, 0, 1, 1, 2, 1, 1, 1, 2, 0, 1], [0, 0, 0, 0, 0, 0, 0, 0, 0, 0, 0, 1.0, 0, 0, 0, 0, 0.0, 0.0, 0.0, 0.0, 0, 0.0, 0.0, 0.0, 0.0, 0.0, 0.0, 0.0, 0, 0.0, 0, 0, 0.0, 0, 0.0, 0.0, 0, 0, 0, 0.0, 0, 0, 0, 0, 0, 0, 0, 0.0, 0]]
[[1, 2, 2, 2, 2, 2, 2, 1, 1, 1, 2, 2, 2, 1, 2, 2, 2, 0, 0, 0, 0, 2, 0, 0, 0, 0, 0, 0, 0, 1, 0, 1, 1, 0, 2, 0, 0, 1, 1, 1, 0, 1, 1, 2, 1, 1, 1, 2, 0, 1], [0, 0, 0, 0, 0, 0, 0, 0, 0, 0, 0, 0, 0, 0, 0, 0, 0.0, 0.0, 0.0, 0.0, 0, 0.0, 0.0, 0.0, 0.0, 0.0, 0.0, 0.0, 0, 0.0, 0, 0, 0.9999999999999998, 0, 2.319522830243569e-16, 6.890015099069139e-89, 0, 0, 0, 0.0, 0, 0, 0, 0, 0, 0, 0, 6.890015099069139e-89, 0]]
[[2, 2, 2, 2, 2, 2, 2, 1, 1, 1, 2, 2, 2, 1, 2, 2, 2, 0, 0, 0, 0, 2, 0, 0, 0, 0, 0, 0, 0, 1, 0, 1, 1, 1, 2, 0, 0, 1, 1, 1, 0, 1, 1, 2, 1, 1, 1, 2, 0, 1], [0, 0, 0, 0, 0, 0, 0, 0, 0, 0, 0, 0, 0, 0, 0, 0, 0.0, 1.0, 0.0, 0.0, 0, 0.0, 0.0, 0.0, 0.0, 0.0, 0.0, 0.0, 0, 0.0, 0, 0, 0, 0, 0.0, 0.0, 0, 0, 0, 0.0, 0, 0, 0, 0, 0, 0, 0, 0.0, 0]]
[[1, 2, 2, 2, 2, 2, 2, 1, 1, 1, 2, 2, 2, 1, 2, 2, 2, 0, 2, 0, 0, 2, 0, 0, 0, 0, 0, 0, 0, 1, 0, 1, 1, 1, 2, 0, 0, 1, 1, 1, 0, 1, 1, 2, 1, 1, 1, 2, 0, 1], [0, 0, 0, 0, 0, 0, 0, 0, 0, 0, 0, 0, 0, 0, 0, 0, 0.0, 0, 0.0, 0.0, 0, 0.0, 0.0, 0.0, 0.0, 0.0, 0.0, 0.0, 0, 0.0, 0, 0, 0, 0, 6.991989996645917e-56, 1.0, 0, 0, 0, 9.602680054508676e-24, 0, 0, 0, 0, 0, 0, 0, 0.0, 0]]
[[2, 2, 2, 2, 2, 2, 2, 1, 1, 1, 2, 2, 2, 1, 2, 2, 2, 0, 2, 0, 0, 2, 0, 0, 0, 0, 0, 0, 0, 1, 0, 1, 1, 1, 2, 0, 1, 1, 1, 1, 0, 1, 1, 2, 1, 1, 1, 2, 0, 1], [0, 0, 0, 0, 0, 0, 0, 0, 0, 0, 0, 0, 0, 0, 0, 0, 0.0, 0, 0.0, 0.0, 0, 0.0, 0.0, 0.0, 0.0, 0.0, 0.0, 0.0, 0, 1.0, 0, 0, 0, 0, 0.0, 0, 0, 0, 0, 0.0, 0, 0, 0, 0, 0, 0, 0, 0.0, 0]]
[[1, 2, 2, 2, 2, 2, 2, 1, 1, 1, 2, 2, 2, 1, 2, 2, 2, 0, 2, 0, 0, 2, 0, 0, 0, 0, 0, 0, 0, 1, 2, 1, 1, 1, 2, 0, 1, 1, 1, 1, 0, 1, 1, 2, 1, 1, 1, 2, 0, 1], [0, 0, 0, 0, 0, 0, 0, 0, 0, 0, 0, 0, 0, 0, 0, 0, 0.0, 0, 0.0, 0.0, 0, 0.0, 0.0, 0.0, 0.0, 0.0, 0.0, 0.0, 0, 0, 0, 0, 0, 0, 0.0, 0, 0, 0, 0, 5.60279640614594e-09, 0, 0, 0, 0, 0, 0, 0, 0.9999999943972036, 0]]
[[2, 2, 2, 2, 2, 2, 2, 1, 1, 1, 2, 2, 2, 1, 2, 2, 2, 0, 2, 0, 0, 2, 0, 0, 0, 0, 0, 0, 0, 1, 2, 1, 1, 1, 2, 0, 1, 1, 1, 1, 0, 1, 1, 2, 1, 1, 1, 2, 1, 1], [0, 0, 0, 0, 0, 0, 0, 0, 0, 0, 0, 0, 0, 0, 0, 0, 1.0, 0, 0.0, 0.0, 0, 0.0, 0.0, 0.0, 0.0, 0.0, 0.0, 0.0, 0, 0, 0, 0, 0, 0, 0.0, 0, 0, 0, 0, 0.0, 0, 0, 0, 0, 0, 0, 0, 0, 0]]
[[1, 2, 2, 2, 2, 2, 2, 1, 1, 1, 2, 2, 2, 1, 2, 2, 2, 2, 2, 0, 0, 2, 0, 0, 0, 0, 0, 0, 0, 1, 2, 1, 1, 1, 2, 0, 1, 1, 1, 1, 0, 1, 1, 2, 1, 1, 1, 2, 1, 1], [0, 0, 0, 0, 0, 0, 0, 0, 0, 0, 0, 0, 0, 0, 0, 0, 0, 0, 0.0, 0.0, 0, 0.0, 0.0, 0.0, 0.0, 0.0, 1.425851753762704e-65, 0.26894142136999516, 0, 0, 0, 0, 0, 0, 0.0, 0, 0, 0, 0, 0.7310585786300049, 0, 0, 0, 0, 0, 0, 0, 0, 0]]
[[1, 0, 0, 0, 0, 0, 0, 0, 0, 0, 0, 0, 0, 0, 0, 0, 0, 0, 0, 0, 0, 0, 0, 0, 0, 0, 0, 0, 0, 0, 0, 0, 0, 0, 0, 0, 0, 0, 0, 0, 0, 0, 0, 0, 0, 0, 0, 0, 0, 0], [4.933300185555456e-44, 5.410020563961381e-41, 8.805067684600564e-36, 9.035654472835905e-46, 2.836411925329464e-62, 2.836411925329464e-62, 2.836411925329464e-62, 2.836411925329464e-62, 2.836411925329464e-62, 2.836411925329464e-62, 2.836411925329464e-62, 0.4878555510939782, 1.3608574937056377e-10, 0.024288897675957835, 6.34008012288533e-25, 2.836411925329464e-62, 4.498587469874769e-47, 3.1105033682781957e-59, 0.4878555510939782, 3.1105033682781957e-59, 3.1105033682781957e-59, 5.697085645557478e-61, 1.1442902408840718e-59, 8.580365391735042e-26, 2.0958406835935303e-61, 2.836411925329464e-62, 2.836411925329464e-62, 2.836411925329464e-62, 2.836411925329464e-62, 2.836411925329464e-62, 9.409513200008638e-23, 2.836411925329464e-62, 2.836411925329464e-62, 2.836411925329464e-62, 3.1105033682781957e-59, 9.409513200008638e-23, 4.6163963128537233e-57, 1.1442902408840718e-59, 7.624607517729841e-19, 5.271958703596829e-31, 8.455224783351273e-59, 1.2548666210195611e-56, 4.6163963128537233e-57, 1.6982772957985344e-57, 1.2548666210195611e-56, 1.2548666210195611e-56, 4.6163963128537233e-57, 4.6163963128537233e-57, 4.6163963128537233e-57]]
[[2, 0, 0, 0, 0, 0, 0, 0, 0, 0, 0, 0, 1, 0, 0, 0, 0, 0, 0, 0, 0, 0, 0, 0, 0, 0, 0, 0, 0, 0, 0, 0, 0, 0, 0, 0, 0, 0, 0, 0, 0, 0, 0, 0, 0, 0, 0, 0, 0, 0], [0.0, 0.0, 0.0, 1.0, 0.0, 0.0, 0.0, 0.0, 0.0, 0.0, 0.0, 0, 0.0, 0.0, 0.0, 0.0, 0.0, 0.0, 0.0, 0.0, 0.0, 0.0, 0.0, 0.0, 0.0, 0.0, 0.0, 0.0, 0.0, 0.0, 0.0, 0.0, 0.0, 0.0, 0.0, 0.0, 0.0, 0.0, 0.0, 0.0, 0.0, 0.0, 0.0, 0.0, 0.0, 0.0, 0.0, 0.0, 0.0]]
[[1, 0, 0, 0, 2, 0, 0, 0, 0, 0, 0, 0, 1, 0, 0, 0, 0, 0, 0, 0, 0, 0, 0, 0, 0, 0, 0, 0, 0, 0, 0, 0, 0, 0, 0, 0, 0, 0, 0, 0, 0, 0, 0, 0, 0, 0, 0, 0, 0, 0], [1.9542861024813407e-47, 1.3315639404812914e-92, 3.619566062841616e-92, 0, 5.31230039998508e-47, 7.27009278011223e-91, 1.4602371696994426e-89, 1.0514423041291763e-78, 1.0670040583096493e-45, 2.143134941036955e-44, 2.9004177425951756e-45, 0, 7.27009278011223e-91, 3.0543189424329796e-65, 7.884152844636669e-45, 1.7820782523865598e-50, 9.239550967523385e-29, 1.0670040583096493e-45, 2.785178360656177e-68, 2.6154889422091713e-05, 4.898549983083012e-93, 0.21193526410366276, 1.3315639404812914e-92, 4.898549983083012e-93, 4.898549983083012e-93, 4.898549983083012e-93, 4.898549983083012e-93, 4.898549983083012e-93, 3.5396793679610673e-06, 1.3315639404812914e-92, 1.3315639404812914e-92, 4.24182100182055e-76, 2.4749402732117724e-61, 1.8766384177101068e-70, 1.465405212782766e-13, 1.3315639404812914e-92, 4.898549983083012e-93, 1.0827961324917265e-12, 1.3315639404812914e-92, 1.3315639404812914e-92, 4.898549983083012e-93, 1.3315639404812914e-92, 0.21193526410366276, 8.519925235361956e-75, 2.315955794711406e-74, 0.5760997772226552, 4.6517215627146386e-73, 1.3866586545868432e-69, 1.7820782523865598e-50]]
[[2, 0, 0, 0, 2, 0, 0, 0, 0, 0, 0, 0, 1, 0, 0, 0, 0, 0, 0, 0, 0, 0, 0, 0, 0, 0, 0, 0, 0, 0, 0, 0, 0, 0, 0, 0, 0, 0, 0, 0, 0, 0, 0, 0, 0, 0, 1, 0, 0, 0], [0.0, 0.0, 0.0, 0, 0.0, 0.0, 0.0, 0.0, 0.0, 0.0, 0.0, 0, 0.0, 0.0, 0.0, 0.0, 0.0, 0.0, 0.0, 0.0, 0.0, 0.0, 0.0, 0.0, 0.0, 0.0, 0.0, 0.0, 0.0, 0.0, 0.0, 0.0, 0.0, 0.0, 0.0, 0.0, 1.0, 0.0, 0.0, 0.0, 0.0, 0.0, 0.0, 0.0, 0.0, 0, 0.0, 0.0, 0.0]]
[[1, 0, 0, 0, 2, 0, 0, 0, 0, 0, 0, 0, 1, 0, 0, 0, 0, 0, 0, 0, 0, 0, 0, 0, 0, 0, 0, 0, 0, 0, 0, 0, 0, 0, 0, 0, 0, 2, 0, 0, 0, 0, 0, 0, 0, 0, 1, 0, 0, 0], [0.0, 0.0, 0.0, 0, 0.0, 0.0, 0.0, 0.0, 0.0, 0.0, 0.0, 0, 0.0, 0.0, 0.0, 0.0, 0.0, 0.2689413612259619, 0.0, 0.0, 0.0, 0.0, 0.0, 0.0, 0.0, 0.0, 0.0, 0.0, 0.0, 0.0, 0.0, 0.0, 0.0, 0.0, 0.0, 0.0, 0, 0.0, 0.0, 0.0, 0.0, 0.0, 0.7310584151415723, 0.0, 0.0, 0, 0.0, 0.0, 2.2363246561419407e-07]]
[[2, 0, 0, 0, 2, 0, 0, 0, 0, 0, 0, 0, 1, 0, 0, 0, 0, 0, 0, 0, 0, 0, 0, 0, 0, 0, 0, 0, 0, 0, 0, 0, 0, 0, 0, 0, 0, 2, 0, 0, 0, 0, 0, 1, 0, 0, 1, 0, 0, 0], [0.0, 0.0, 0.0, 0, 0.0, 0.0, 0.0, 0.0, 0.0, 0.0, 0.0, 0, 0.0, 0.0, 0.0, 0.0, 0.0, 0.0, 0.0, 0.0, 0.0, 0.0, 0.0, 0.0, 0.0, 0.0, 0.0, 0.0, 0.0, 0.0, 0.0, 0.0, 0.0, 0.0, 0.0, 0.0, 0, 0.0, 0.0, 0.0, 0.0, 0.0, 0, 0.0, 1.0, 0, 0.0, 0.0, 0.0]]
[[1, 0, 0, 0, 2, 0, 0, 0, 0, 0, 0, 0, 1, 0, 0, 0, 0, 0, 0, 0, 0, 0, 0, 0, 0, 0, 0, 0, 0, 0, 0, 0, 0, 0, 0, 0, 0, 2, 0, 0, 0, 0, 0, 1, 0, 2, 1, 0, 0, 0], [8.315896890673564e-38, 4.079857791595631e-72, 4.079857791595631e-72, 0, 4.079857791595631e-72, 4.8520076905110425e-23, 3.493683253394697e-12, 0.00022939513459350425, 3.269257065781848e-25, 3.1045255513312784e-05, 4.079857791595631e-72, 0, 2.3804409363486007e-57, 4.079857791595631e-72, 0.0006235606259024396, 1.4252685796759432e-52, 1.5456522587391088e-06, 0.0006235606259024396, 0.012524549975409463, 0.00169501351833315, 0.0006235606259024396, 4.906454458955952e-66, 1.8049837244938467e-66, 8.194613431444895e-71, 0.6838172586550187, 5.749943835017699e-50, 0.00169501351833315, 1.5456522587391088e-06, 1.4252685796759432e-52, 2.1152861247934914e-50, 1.4252685796759432e-52, 0.012524549975409463, 2.0918128622176744e-07, 1.3189124336659705e-22, 1.4094524197627962e-09, 2.9376974959469282e-61, 0, 1.5456522587391088e-06, 6.640164038903449e-67, 0.03404525660778272, 7.695349467878734e-08, 0.2515623109773959, 0, 4.079857791595631e-72, 0, 0, 2.4427798359185085e-67, 2.4427798359185085e-67, 5.900523152399799e-60]]
[[2, 0, 0, 0, 2, 0, 0, 0, 0, 0, 0, 0, 1, 0, 0, 0, 0, 0, 0, 0, 0, 0, 0, 0, 0, 1, 0, 0, 0, 0, 0, 0, 0, 0, 0, 0, 0, 2, 0, 0, 0, 0, 0, 1, 0, 2, 1, 0, 0, 0], [0.0, 0.0, 0.0, 0, 0.0, 0.0, 0.0, 0.0, 0.0, 0.0, 0.0, 0, 0.0, 0.0, 0.0, 0.0, 0.0, 0.0, 0.0, 1.0, 0.0, 0.0, 0.0, 0.0, 0, 0.0, 0.0, 0.0, 0.0, 0.0, 0.0, 0.0, 0.0, 0.0, 0.0, 0.0, 0, 0.0, 0.0, 0.0, 0.0, 0.0, 0, 0.0, 0, 0, 0.0, 0.0, 0.0]]
[[1, 0, 0, 0, 2, 0, 0, 0, 0, 0, 0, 0, 1, 0, 0, 0, 0, 0, 0, 0, 2, 0, 0, 0, 0, 1, 0, 0, 0, 0, 0, 0, 0, 0, 0, 0, 0, 2, 0, 0, 0, 0, 0, 1, 0, 2, 1, 0, 0, 0], [0.0, 0.0, 0.0, 0, 0.0, 0.0, 0.0, 0.0, 0.0, 0.0, 0.0, 0, 0.0, 0.0, 0.0, 0.0, 0.0, 0.0, 0.0, 0, 0.0, 0.0, 0.0, 0.0, 0, 0.0, 0.0, 0.0, 1.0, 0.0, 0.0, 0.0, 0.0, 0.0, 0.0, 0.0, 0, 0.0, 0.0, 0.0, 0.0, 0.0, 0, 0.0, 0, 0, 0.0, 0.0, 0.0]]
[[2, 0, 0, 0, 2, 0, 0, 0, 0, 0, 0, 0, 1, 0, 0, 0, 0, 0, 0, 0, 2, 0, 0, 0, 0, 1, 0, 0, 0, 1, 0, 0, 0, 0, 0, 0, 0, 2, 0, 0, 0, 0, 0, 1, 0, 2, 1, 0, 0, 0], [0.0, 1.0, 0.0, 0, 0.0, 0.0, 0.0, 0.0, 0.0, 0.0, 0.0, 0, 0.0, 0.0, 0.0, 0.0, 0.0, 0.0, 0.0, 0, 0.0, 0.0, 0.0, 0.0, 0, 0.0, 0.0, 0.0, 0, 0.0, 0.0, 0.0, 0.0, 0.0, 0.0, 0.0, 0, 0.0, 0.0, 0.0, 0.0, 0.0, 0, 0.0, 0, 0, 0.0, 0.0, 0.0]]
[[1, 0, 2, 0, 2, 0, 0, 0, 0, 0, 0, 0, 1, 0, 0, 0, 0, 0, 0, 0, 2, 0, 0, 0, 0, 1, 0, 0, 0, 1, 0, 0, 0, 0, 0, 0, 0, 2, 0, 0, 0, 0, 0, 1, 0, 2, 1, 0, 0, 0], [9.710436457780846e-67, 0, 5.5633473698397695e-161, 0, 3.572269937619218e-67, 5.5633473698397695e-161, 1.500785762707395e-41, 1.5122746060840868e-160, 5.5633473698397695e-161, 2.285693676718672e-49, 2.252357905545217e-82, 0, 9.710436457780846e-67, 2.1628672335193993e-105, 4.8174916649430757e-144, 3.5596716168395205e-143, 3.5596716168395205e-143, 3.5596716168395205e-143, 1.9006199352650016e-55, 0, 1.1808854971746377e-103, 1.8251045143570805e-78, 1.2435453313830803e-123, 4.458001633222172e-114, 0, 1.0, 2.3802664086944007e-26, 4.8174916649430757e-144, 0, 2.852423339163565e-96, 3.5596716168395205e-143, 1.4043787324419038e-54, 1.9944115453630993e-151, 3.817497188671175e-54, 1.3095300051567673e-143, 1.3095300051567673e-143, 0, 3.5596716168395205e-143, 4.8174916649430757e-144, 1.9944115453630993e-151, 2.9271224965153684e-106, 8.533047625744065e-17, 0, 3.4303365279297016e-90, 0, 0, 2.3455513385429143e-59, 9.676190671336298e-143, 7.529171920409294e-162]]
[[2, 0, 2, 0, 2, 0, 0, 0, 0, 0, 0, 0, 1, 0, 0, 0, 0, 0, 0, 0, 2, 0, 0, 0, 0, 1, 1, 0, 0, 1, 0, 0, 0, 0, 0, 0, 0, 2, 0, 0, 0, 0, 0, 1, 0, 2, 1, 0, 0, 0], [0.0, 0, 0.0, 0, 0.0, 0.0, 0.0, 0.0, 0.0, 0.0, 0.0, 0, 0.0, 0.0, 0.0, 0.0, 0.0, 0.0, 0.0, 0, 0.0, 0.0, 0.0, 0.0, 0, 0, 0.0, 0.0, 0, 0.0, 0.0, 0.0, 0.0, 1.0, 0.0, 0.0, 0, 0.0, 0.0, 0.0, 0.0, 0.0, 0, 0.0, 0, 0, 0.0, 0.0, 0.0]]
[[1, 0, 2, 0, 2, 0, 0, 0, 0, 0, 0, 0, 1, 0, 0, 0, 0, 0, 0, 0, 2, 0, 0, 0, 0, 1, 1, 0, 0, 1, 0, 0, 0, 0, 2, 0, 0, 2, 0, 0, 0, 0, 0, 1, 0, 2, 1, 0, 0, 0], [7.644046461921626e-128, 0, 7.644046461921626e-128, 0, 7.644046461921626e-128, 7.644046461921626e-128, 7.644046461921626e-128, 7.644046461921626e-128, 0.4980948298711884, 7.644046461921626e-128, 7.644046461921626e-128, 0, 0.00045420369249548167, 7.644046461921626e-128, 7.644046461921626e-128, 7.644046461921626e-128, 7.644046461921626e-128, 7.644046461921626e-128, 7.644046461921626e-128, 0, 7.644046461921626e-128, 7.644046461921626e-128, 7.644046461921626e-128, 8.536889286237144e-16, 0, 0, 2.0778672593338213e-127, 2.0778672593338213e-127, 0, 2.0778672593338213e-127, 8.506782247416764e-92, 0.4980948298711884, 9.361835861120307e-13, 0, 3.875741739852758e-20, 8.506782247416764e-92, 0, 1.425805705381866e-20, 8.506782247416764e-92, 0.00335613656419056, 7.098668613313744e-22, 1.1512677848863364e-92, 0, 8.506782247416764e-92, 0, 0, 8.506782247416764e-92, 8.506782247416764e-92, 7.098668613313744e-22]]
[[2, 0, 2, 0, 2, 0, 0, 0, 0, 1, 0, 0, 1, 0, 0, 0, 0, 0, 0, 0, 2, 0, 0, 0, 0, 1, 1, 0, 0, 1, 0, 0, 0, 0, 2, 0, 0, 2, 0, 0, 0, 0, 0, 1, 0, 2, 1, 0, 0, 0], [0.0, 0, 0.0, 0, 0.0, 0.0, 0.0, 0.0, 0, 0.0, 0.0, 0, 0.0, 0.0, 1.0, 0.0, 0.0, 0.0, 0.0, 0, 0.0, 0.0, 0.0, 0.0, 0, 0, 0.0, 0.0, 0, 0.0, 0.0, 0.0, 0.0, 0, 0.0, 0.0, 0, 0.0, 0.0, 0.0, 0.0, 0.0, 0, 0.0, 0, 0, 0.0, 0.0, 0.0]]
[[1, 0, 2, 0, 2, 0, 0, 0, 0, 1, 0, 0, 1, 0, 0, 2, 0, 0, 0, 0, 2, 0, 0, 0, 0, 1, 1, 0, 0, 1, 0, 0, 0, 0, 2, 0, 0, 2, 0, 0, 0, 0, 0, 1, 0, 2, 1, 0, 0, 0], [5.38018615946903e-32, 0, 2.7390908703190177e-119, 0, 1.0076552186907599e-119, 1.9287498477659918e-22, 1.0076552186907599e-119, 1.0261879630648829e-10, 0, 2.7390908703190177e-119, 2.7390908703190177e-119, 0, 7.445620939286257e-119, 0.9999999998973812, 0, 2.0239296100856004e-118, 1.0076552186907599e-119, 7.55581901893659e-86, 5.501611081175887e-118, 0, 5.665668175777536e-52, 5.665668175777536e-52, 1.0076552186907599e-119, 2.7390908703190177e-119, 0, 0, 1.5804200601114323e-61, 3.257488531873241e-70, 0, 1.4954929429209338e-117, 4.590938473411829e-48, 6.12254356520135e-82, 4.961148435906314e-78, 0, 4.473779305722027e-38, 1.0112214925066781e-43, 0, 3.3057006264215075e-37, 8.194012623149654e-40, 7.753690529125117e-96, 2.7086952664031186e-76, 2.4426007374898708e-36, 0, 3.294042415362278e-113, 0, 0, 3.294042415362278e-113, 1.2118104829585029e-113, 5.966298363398315e-72]]
[[2, 0, 2, 0, 2, 0, 0, 0, 0, 1, 0, 0, 1, 0, 1, 2, 0, 0, 0, 0, 2, 0, 0, 0, 0, 1, 1, 0, 0, 1, 0, 0, 0, 0, 2, 0, 0, 2, 0, 0, 0, 0, 0, 1, 0, 2, 1, 0, 0, 0], [0.0, 0, 0.0, 0, 0.0, 0.0, 0.0, 0.0, 0, 0.0, 0.0, 0, 0.0, 0, 0, 0.0, 0.0, 0.0, 0.0, 0, 0.0, 0.0, 0.0, 0.0, 0, 0, 0.0, 0.0, 0, 0.0, 1.0, 0.0, 0.0, 0, 0.0, 0.0, 0, 0.0, 0.0, 0.0, 0.0, 0.0, 0, 0.0, 0, 0, 0.0, 0.0, 0.0]]
[[1, 0, 2, 0, 2, 0, 0, 0, 0, 1, 0, 0, 1, 0, 1, 2, 0, 0, 0, 0, 2, 0, 0, 0, 0, 1, 1, 0, 0, 1, 0, 2, 0, 0, 2, 0, 0, 2, 0, 0, 0, 0, 0, 1, 0, 2, 1, 0, 0, 0], [0.0, 0, 0.0, 0, 0.0, 0.0, 0.0, 0.0, 0, 0.0, 0.0, 0, 0.0, 0, 0, 0.0, 0.0, 1.0, 0.0, 0, 0.0, 0.0, 0.0, 0.0, 0, 0, 0.0, 0.0, 0, 0.0, 0, 0.0, 0.0, 0, 0.0, 0.0, 0, 0.0, 0.0, 0.0, 0.0, 0.0, 0, 0.0, 0, 0, 0.0, 0.0, 0.0]]
[[2, 0, 2, 0, 2, 0, 0, 0, 0, 1, 0, 0, 1, 0, 1, 2, 0, 0, 1, 0, 2, 0, 0, 0, 0, 1, 1, 0, 0, 1, 0, 2, 0, 0, 2, 0, 0, 2, 0, 0, 0, 0, 0, 1, 0, 2, 1, 0, 0, 0], [0.0, 0, 1.0, 0, 0.0, 0.0, 0.0, 0.0, 0, 0.0, 0.0, 0, 0.0, 0, 0, 0.0, 0.0, 0, 0.0, 0, 0.0, 0.0, 0.0, 0.0, 0, 0, 0.0, 0.0, 0, 0.0, 0, 0.0, 0.0, 0, 0.0, 0.0, 0, 0.0, 0.0, 0.0, 0.0, 0.0, 0, 0.0, 0, 0, 0.0, 0.0, 0.0]]
[[1, 0, 2, 2, 2, 0, 0, 0, 0, 1, 0, 0, 1, 0, 1, 2, 0, 0, 1, 0, 2, 0, 0, 0, 0, 1, 1, 0, 0, 1, 0, 2, 0, 0, 2, 0, 0, 2, 0, 0, 0, 0, 0, 1, 0, 2, 1, 0, 0, 0], [1.5164518322807496e-217, 0, 0, 0, 7.549969105033422e-219, 2.0522943823639556e-218, 4.1221434594221855e-217, 1.5164518322807496e-217, 0, 1.1205147660048632e-216, 3.045874926951059e-216, 0, 6.117803330868704e-215, 0, 0, 1.2287936469096384e-213, 6.708985989374691e-212, 0, 2.4680980165981977e-212, 0, 6.708985989374691e-212, 4.957307384242935e-211, 7.549969105033422e-219, 5.436347654083049e-208, 0, 0, 4.40511813005125e-204, 5.961679098212235e-205, 0, 6.537774979009409e-202, 0, 7.169540824325638e-199, 0.10597077880854262, 0, 4.93705793176936e-16, 0.10597077880854262, 0, 0.28805844238291434, 1.816242112970349e-16, 4.1053054581442864e-22, 0.28805844238291434, 7.519129229932018e-24, 0, 1.816242112970349e-16, 0, 0, 0.10597077880854265, 0.10597077880854265, 2.766133059203248e-24]]
[[2, 0, 2, 2, 2, 0, 0, 0, 0, 1, 0, 0, 1, 0, 1, 2, 0, 0, 1, 0, 2, 0, 0, 0, 0, 1, 1, 0, 0, 1, 0, 2, 0, 0, 2, 0, 0, 2, 1, 0, 0, 0, 0, 1, 0, 2, 1, 0, 0, 0], [0.0, 0, 0, 0, 0.0, 0.0, 0.0, 0.0, 0, 1.0, 0.0, 0, 0.0, 0, 0, 0.0, 0.0, 0, 0.0, 0, 0.0, 0.0, 0.0, 0.0, 0, 0, 0.0, 0.0, 0, 0.0, 0, 0.0, 0.0, 0, 0.0, 0.0, 0, 0, 0.0, 0.0, 0.0, 0.0, 0, 0.0, 0, 0, 0.0, 0.0, 0.0]]
[[1, 0, 2, 2, 2, 0, 0, 0, 0, 1, 2, 0, 1, 0, 1, 2, 0, 0, 1, 0, 2, 0, 0, 0, 0, 1, 1, 0, 0, 1, 0, 2, 0, 0, 2, 0, 0, 2, 1, 0, 0, 0, 0, 1, 0, 2, 1, 0, 0, 0], [1.0972476659520735e-268, 0, 0, 0, 2.1163162688838255e-290, 1.0972476659520735e-268, 1.5637579633862188e-289, 5.990769268916865e-267, 0, 0, 2.1163162688838255e-290, 0, 2.1163162688838255e-290, 0, 0, 2.1163162688838255e-290, 8.408597124803643e-50, 0, 1.5637579633862188e-289, 0, 2.219508320972814e-115, 2.1163162688838255e-290, 2.1163162688838255e-290, 2.1163162688838255e-290, 0, 0, 1.0, 2.1163162688838255e-290, 0, 1.5346568571889095e-127, 0, 2.1163162688838255e-290, 2.1163162688838255e-290, 0, 2.1163162688838255e-290, 2.1163162688838255e-290, 0, 0, 3.975449735908647e-31, 1.5637579633862188e-289, 6.542840619051457e-69, 4.542536999123976e-276, 0, 1.2347895779821586e-275, 0, 0, 6.14765531389236e-277, 4.542536999123976e-276, 9.123929462085072e-275]]
[[2, 0, 2, 2, 2, 0, 0, 0, 0, 1, 2, 0, 1, 0, 1, 2, 0, 0, 1, 0, 2, 0, 0, 0, 0, 1, 1, 1, 0, 1, 0, 2, 0, 0, 2, 0, 0, 2, 1, 0, 0, 0, 0, 1, 0, 2, 1, 0, 0, 0], [1.0, 0, 0, 0, 0.0, 0.0, 0.0, 0.0, 0, 0, 0.0, 0, 0.0, 0, 0, 0.0, 0.0, 0, 0.0, 0, 0.0, 0.0, 0.0, 0.0, 0, 0, 0, 0.0, 0, 0.0, 0, 0.0, 0.0, 0, 0.0, 0.0, 0, 0, 0.0, 0.0, 0.0, 0.0, 0, 0.0, 0, 0, 0.0, 0.0, 0.0]]
[[1, 2, 2, 2, 2, 0, 0, 0, 0, 1, 2, 0, 1, 0, 1, 2, 0, 0, 1, 0, 2, 0, 0, 0, 0, 1, 1, 1, 0, 1, 0, 2, 0, 0, 2, 0, 0, 2, 1, 0, 0, 0, 0, 1, 0, 2, 1, 0, 0, 0], [0, 0, 0, 0, 0.0, 0.0, 0.0, 0.0, 0, 0, 0.0, 0, 0.0, 0, 0, 0.0, 0.0, 0, 0.0, 0, 0.0, 0.0, 0.0, 0.0, 0, 0, 0, 0.0, 0, 0.0, 0, 0.0, 0.0, 0, 0.0, 1.793772353787612e-306, 0, 0, 1.0740058011548344e-301, 8.702759145460464e-298, 2.245196318302517e-06, 0.006692835897520571, 0, 0.0, 0, 0, 4.627694524554947e-15, 1.564302670122702e-137, 0.9933049189061566]]
[[2, 2, 2, 2, 2, 0, 0, 0, 0, 1, 2, 0, 1, 0, 1, 2, 0, 0, 1, 0, 2, 0, 0, 0, 0, 1, 1, 1, 0, 1, 0, 2, 0, 0, 2, 0, 0, 2, 1, 0, 0, 0, 0, 1, 0, 2, 1, 0, 0, 1], [0, 0, 0, 0, 0.0, 0.0, 0.0, 0.0, 0, 0, 0.0, 0, 0.0, 0, 0, 1.0, 0.0, 0, 0.0, 0, 0.0, 0.0, 0.0, 0.0, 0, 0, 0, 0.0, 0, 0.0, 0, 0.0, 0.0, 0, 0.0, 0.0, 0, 0, 0.0, 0.0, 0.0, 0.0, 0, 0.0, 0, 0, 0.0, 0.0, 0]]
[[1, 2, 2, 2, 2, 0, 0, 0, 0, 1, 2, 0, 1, 0, 1, 2, 2, 0, 1, 0, 2, 0, 0, 0, 0, 1, 1, 1, 0, 1, 0, 2, 0, 0, 2, 0, 0, 2, 1, 0, 0, 0, 0, 1, 0, 2, 1, 0, 0, 1], [0, 0, 0, 0, 1.3003067171610354e-295, 9.60803927891924e-295, 9.60803927891924e-295, 1.929826276961698e-293, 0, 0, 5.245811700747757e-293, 0, 5.245811700747757e-293, 0, 0, 0, 1.0536494460745897e-291, 0, 7.785474865652348e-291, 0, 4.250725247941603e-289, 2.611735857900692e-294, 1.2671233378571453e-285, 5.111940393981956e-283, 0, 0, 0, 7.586792230149321e-281, 0, 1.523847954672175e-279, 0, 1.354108134166682e-272, 8.1076062322798e-268, 0, 5.990755727835521e-267, 8.891069829799253e-265, 0, 0, 7.900702915314928e-258, 1.9084110563946672e-250, 7.255594859572106e-109, 3.8739888721962154e-21, 0, 2.260324297903574e-06, 0, 0, 2.3195175873697564e-16, 0.9999977396757018, 0]]
[[2, 2, 2, 2, 2, 0, 0, 0, 0, 1, 2, 0, 1, 0, 1, 2, 2, 0, 1, 0, 2, 0, 0, 0, 0, 1, 1, 1, 0, 1, 0, 2, 0, 0, 2, 0, 0, 2, 1, 0, 0, 0, 0, 1, 0, 2, 1, 0, 1, 1], [0, 0, 0, 0, 0.0, 0.0, 0.0, 0.0, 0, 0, 0.0, 0, 0.0, 0, 0, 0, 0.0, 0, 0.0, 0, 0.0, 0.0, 0.0, 0.0, 0, 0, 0, 0.0, 0, 0.0, 0, 0.0, 0.0, 0, 1.0, 0.0, 0, 0, 0.0, 0.0, 0.0, 0.0, 0, 0.0, 0, 0, 0.0, 0, 0]]
[[1, 2, 2, 2, 2, 0, 0, 0, 0, 1, 2, 0, 1, 0, 1, 2, 2, 0, 1, 0, 2, 0, 0, 0, 0, 1, 1, 1, 0, 1, 0, 2, 0, 0, 2, 2, 0, 2, 1, 0, 0, 0, 0, 1, 0, 2, 1, 0, 1, 1], [0, 0, 0, 0, 2.2215305874303656e-234, 8.17255431049149e-235, 1.1060349523769655e-235, 5.506623779123914e-237, 0, 0, 5.506623779123914e-237, 0, 5.506623779123914e-237, 0, 0, 0, 1.1060349523769655e-235, 0, 6.038746227177911e-234, 0, 2.436204104639191e-231, 6.62228934805805e-231, 9.828348826366379e-229, 1.5996108632284719e-223, 0, 0, 0, 1.7541863131987123e-220, 0, 3.863852482538953e-216, 0, 6.038746227177911e-234, 1.1517981918575503e-212, 0, 0, 0.9933071490757106, 0, 0, 0.006692850924284825, 5.627748703868079e-52, 3.072646680826224e-50, 1.1303635438596382e-50, 0, 4.627704914660984e-15, 0, 0, 3.072646680826224e-50, 0, 0]]
[[2, 2, 2, 2, 2, 0, 0, 0, 0, 1, 2, 0, 1, 0, 1, 2, 2, 0, 1, 0, 2, 0, 0, 0, 0, 1, 1, 1, 0, 1, 0, 2, 0, 0, 2, 2, 1, 2, 1, 0, 0, 0, 0, 1, 0, 2, 1, 0, 1, 1], [0, 0, 0, 0, 0.0, 0.0, 1.0, 0.0, 0, 0, 0.0, 0, 0.0, 0, 0, 0, 0.0, 0, 0.0, 0, 0.0, 0.0, 0.0, 0.0, 0, 0, 0, 0.0, 0, 0.0, 0, 0.0, 0.0, 0, 0, 0, 0, 0, 0.0, 0.0, 0.0, 0.0, 0, 0.0, 0, 0, 0.0, 0, 0]]
[[1, 2, 2, 2, 2, 0, 0, 2, 0, 1, 2, 0, 1, 0, 1, 2, 2, 0, 1, 0, 2, 0, 0, 0, 0, 1, 1, 1, 0, 1, 0, 2, 0, 0, 2, 2, 1, 2, 1, 0, 0, 0, 0, 1, 0, 2, 1, 0, 1, 1], [0, 0, 0, 0, 0.0, 0.0, 0, 0.0, 0, 0, 0.0, 0, 0.0, 0, 0, 0, 0.0, 0, 0.0, 0, 0.0, 0.0, 0.0, 0.0, 0, 0, 0, 0.0, 0, 0.0, 0, 0.0, 0.0, 0, 0, 0, 0, 0, 0.0, 0.0, 0.0, 1.0, 0, 0.0, 0, 0, 0.0, 0, 0]]
[[2, 2, 2, 2, 2, 0, 0, 2, 0, 1, 2, 0, 1, 0, 1, 2, 2, 0, 1, 0, 2, 0, 0, 0, 0, 1, 1, 1, 0, 1, 0, 2, 0, 0, 2, 2, 1, 2, 1, 0, 0, 0, 1, 1, 0, 2, 1, 0, 1, 1], [0, 0, 0, 0, 0.0, 1.0, 0, 0.0, 0, 0, 0.0, 0, 0.0, 0, 0, 0, 0.0, 0, 0.0, 0, 0.0, 0.0, 0.0, 0.0, 0, 0, 0, 0.0, 0, 0.0, 0, 0.0, 0.0, 0, 0, 0, 0, 0, 0.0, 0.0, 0.0, 0, 0, 0.0, 0, 0, 0.0, 0, 0]]
[[1, 2, 2, 2, 2, 0, 2, 2, 0, 1, 2, 0, 1, 0, 1, 2, 2, 0, 1, 0, 2, 0, 0, 0, 0, 1, 1, 1, 0, 1, 0, 2, 0, 0, 2, 2, 1, 2, 1, 0, 0, 0, 1, 1, 0, 2, 1, 0, 1, 1], [0, 0, 0, 0, 0.0, 0, 0, 9.462629465836378e-57, 0, 0, 0.0, 0, 0.0, 0, 0, 0, 0.0, 0, 0.0, 0, 3.198658956689277e-179, 0.0, 0.0, 0.0, 0, 0, 0, 0.0, 0, 0.0, 0, 0.0, 1.0, 0, 0, 0, 0, 0, 0.0, 1.0225689071173033e-86, 0.0, 0, 0, 1.7597777562830093e-296, 0, 0, 4.8543706176772776e-263, 0, 0]]
[[2, 2, 2, 2, 2, 0, 2, 2, 0, 1, 2, 0, 1, 0, 1, 2, 2, 0, 1, 0, 2, 0, 0, 0, 0, 1, 1, 1, 0, 1, 0, 2, 0, 1, 2, 2, 1, 2, 1, 0, 0, 0, 1, 1, 0, 2, 1, 0, 1, 1], [0, 0, 0, 0, 0.0, 0, 0, 0.0, 0, 0, 0.0, 0, 0.0, 0, 0, 0, 0.0, 0, 0.0, 0, 0.0, 0.0, 0.0, 0.0, 0, 0, 0, 0.0, 0, 0.0, 0, 1.0, 0, 0, 0, 0, 0, 0, 0.0, 0.0, 0.0, 0, 0, 0.0, 0, 0, 0.0, 0, 0]]
[[1, 2, 2, 2, 2, 0, 2, 2, 0, 1, 2, 0, 1, 0, 1, 2, 2, 0, 1, 0, 2, 0, 0, 0, 0, 1, 1, 1, 0, 1, 0, 2, 2, 1, 2, 2, 1, 2, 1, 0, 0, 0, 1, 1, 0, 2, 1, 0, 1, 1], [0, 0, 0, 0, 0.0, 0, 0, 0.0, 0, 0, 0.0, 0, 0.0, 0, 0, 0, 0.0, 0, 0.0, 0, 0.0, 0.0, 0.0, 0.0, 0, 0, 0, 0.0, 0, 1.0, 0, 0, 0, 0, 0, 0, 0, 0, 8.533047625744065e-17, 5.96629836401057e-72, 1.9583928814561274e-260, 0, 0, 1.7984862202794635e-111, 0, 0, 3.319259031109752e-232, 0, 0]]
[[2, 2, 2, 2, 2, 0, 2, 2, 0, 1, 2, 0, 1, 0, 1, 2, 2, 0, 1, 0, 2, 0, 0, 0, 0, 1, 1, 1, 0, 1, 1, 2, 2, 1, 2, 2, 1, 2, 1, 0, 0, 0, 1, 1, 0, 2, 1, 0, 1, 1], [0, 0, 0, 0, 0.0, 0, 0, 0.0, 0, 0, 0.0, 0, 1.0, 0, 0, 0, 0.0, 0, 0.0, 0, 0.0, 0.0, 0.0, 0.0, 0, 0, 0, 0.0, 0, 0, 0, 0, 0, 0, 0, 0, 0, 0, 0.0, 0.0, 0.0, 0, 0, 0.0, 0, 0, 0.0, 0, 0]]
[[1, 2, 2, 2, 2, 0, 2, 2, 0, 1, 2, 0, 1, 2, 1, 2, 2, 0, 1, 0, 2, 0, 0, 0, 0, 1, 1, 1, 0, 1, 1, 2, 2, 1, 2, 2, 1, 2, 1, 0, 0, 0, 1, 1, 0, 2, 1, 0, 1, 1], [0, 0, 0, 0, 0.0, 0, 0, 0.0, 0, 0, 0.0, 0, 0, 0, 0, 0, 0.0, 0, 0.0, 0, 0.0, 0.0, 0.0, 0.0, 0, 0, 0, 0.0, 0, 0, 0, 0, 0, 0, 0, 0, 0, 0, 0.0, 7.471972336576213e-43, 1.7139084313661307e-15, 0, 0, 1.026187963064881e-10, 0, 0, 0.9999999998973794, 0, 0]]
[[2, 2, 2, 2, 2, 0, 2, 2, 0, 1, 2, 0, 1, 2, 1, 2, 2, 0, 1, 0, 2, 0, 0, 0, 0, 1, 1, 1, 0, 1, 1, 2, 2, 1, 2, 2, 1, 2, 1, 0, 0, 0, 1, 1, 0, 2, 1, 1, 1, 1], [0, 0, 0, 0, 0.0, 0, 0, 0.0, 0, 0, 0.0, 0, 0, 0, 0, 0, 0.0, 0, 0.0, 0, 1.0, 0.0, 0.0, 0.0, 0, 0, 0, 0.0, 0, 0, 0, 0, 0, 0, 0, 0, 0, 0, 0.0, 0.0, 0.0, 0, 0, 0.0, 0, 0, 0, 0, 0]]
[[1, 2, 2, 2, 2, 0, 2, 2, 0, 1, 2, 0, 1, 2, 1, 2, 2, 0, 1, 0, 2, 2, 0, 0, 0, 1, 1, 1, 0, 1, 1, 2, 2, 1, 2, 2, 1, 2, 1, 0, 0, 0, 1, 1, 0, 2, 1, 1, 1, 1], [0, 0, 0, 0, 0.0, 0, 0, 0.0, 0, 0, 0.0, 0, 0, 0, 0, 0, 0.0, 0, 0.0, 0, 0, 0.0, 0.0, 0.0, 0, 0, 0, 1.8795288165355504e-12, 0, 0, 0, 0, 0, 0, 0, 0, 0, 0, 0.9999999999981204, 7.928682851291985e-182, 3.961429521334236e-107, 0, 0, 0.0, 0, 0, 0, 0, 0]]
[[2, 2, 2, 2, 2, 0, 2, 2, 0, 1, 2, 0, 1, 2, 1, 2, 2, 0, 1, 0, 2, 2, 0, 0, 0, 1, 1, 1, 0, 1, 1, 2, 2, 1, 2, 2, 1, 2, 1, 1, 0, 0, 1, 1, 0, 2, 1, 1, 1, 1], [0, 0, 0, 0, 0.0, 0, 0, 0.0, 0, 0, 0.0, 0, 0, 0, 0, 0, 0.0, 0, 1.0, 0, 0, 0.0, 0.0, 0.0, 0, 0, 0, 0.0, 0, 0, 0, 0, 0, 0, 0, 0, 0, 0, 0, 0.0, 0.0, 0, 0, 0.0, 0, 0, 0, 0, 0]]
[[1, 2, 2, 2, 2, 0, 2, 2, 0, 1, 2, 0, 1, 2, 1, 2, 2, 0, 1, 2, 2, 2, 0, 0, 0, 1, 1, 1, 0, 1, 1, 2, 2, 1, 2, 2, 1, 2, 1, 1, 0, 0, 1, 1, 0, 2, 1, 1, 1, 1], [0, 0, 0, 0, 0.0, 0, 0, 0.0, 0, 0, 0.0, 0, 0, 0, 0, 0, 0.0, 0, 0, 0, 0, 0.0, 0.0, 0.0, 0, 0, 0, 1.0, 0, 0, 0, 0, 0, 0, 0, 0, 0, 0, 0, 0.0, 0.0, 0, 0, 4.834541638053336e-68, 0, 0, 0, 0, 0]]
[[2, 2, 2, 2, 2, 0, 2, 2, 0, 1, 2, 0, 1, 2, 1, 2, 2, 0, 1, 2, 2, 2, 0, 0, 0, 1, 1, 1, 1, 1, 1, 2, 2, 1, 2, 2, 1, 2, 1, 1, 0, 0, 1, 1, 0, 2, 1, 1, 1, 1], [0, 0, 0, 0, 0.0, 0, 0, 0.0, 0, 0, 0.0, 0, 0, 0, 0, 0, 0.0, 0, 0, 0, 0, 0.0, 0.0, 0.0, 0, 0, 0, 0, 0, 0, 0, 0, 0, 0, 0, 0, 0, 0, 0, 1.0, 0.0, 0, 0, 0.0, 0, 0, 0, 0, 0]]
[[1, 2, 2, 2, 2, 0, 2, 2, 0, 1, 2, 0, 1, 2, 1, 2, 2, 0, 1, 2, 2, 2, 0, 0, 0, 1, 1, 1, 1, 1, 1, 2, 2, 1, 2, 2, 1, 2, 1, 1, 2, 0, 1, 1, 0, 2, 1, 1, 1, 1], [0, 0, 0, 0, 0.0, 0, 0, 0.0, 0, 0, 0.0, 0, 0, 0, 0, 0, 0.0, 0, 0, 0, 0, 0.0, 0.0, 2.1871378321977186e-148, 0, 0, 0, 0, 0, 0, 0, 0, 0, 0, 0, 0, 0, 0, 0, 0, 3.5996164455835086e-186, 0, 0, 1.0, 0, 0, 0, 0, 0]]
[[1, 0, 0, 0, 0, 0, 0, 0, 0, 0, 0, 0, 0, 0, 0, 0, 0, 0, 0, 0, 0, 0, 0, 0, 0, 0, 0, 0, 0, 0, 0, 0, 0, 0, 0, 0, 0, 0, 0, 0, 0, 0, 0, 0, 0, 0, 0, 0, 0, 0], [1.682955596402805e-124, 2.2776327231381603e-125, 8.378942533818568e-126, 8.954135640770631e-113, 3.380306677163387e-123, 2.2776327231381603e-125, 8.378942533818568e-126, 2.2776327231381603e-125, 4.458001633221746e-114, 8.378942533818568e-126, 1.8455849111780582e-121, 1.8455849111780582e-121, 6.191247643210154e-125, 9.188626215152009e-123, 6.191247643210154e-125, 1.7525894717408808e-101, 8.378942533818568e-126, 2.2776327231381603e-125, 1.2435453313829616e-123, 1.682955596402805e-124, 3.0824406969488036e-126, 7.95674389195064e-106, 1.1339665610376372e-126, 1.1339665610376372e-126, 1.1339665610376372e-126, 1.7139084315418493e-15, 1.1339665610376372e-126, 3.13913279204773e-17, 8.378942533818568e-126, 1.2435453313829616e-123, 1.8455849111780582e-121, 1.2435453313829616e-123, 2.2776327231381603e-125, 3.380306677163387e-123, 2.2776327231381603e-125, 1.682955596402805e-124, 6.7895274575863e-122, 0.9999999999999045, 1.3637130444034615e-120, 9.357622968839281e-14, 5.0168199269335165e-121, 6.191247643210154e-125, 6.191247643210154e-125, 4.5747476158052e-124, 1.2435453313829616e-123, 4.5747476158052e-124, 2.497727566915012e-122, 1.682955596402805e-124, 1.8455849111780582e-121]]
[[2, 0, 0, 0, 0, 0, 0, 0, 0, 0, 0, 0, 0, 0, 0, 0, 0, 0, 0, 0, 0, 0, 0, 0, 0, 0, 0, 0, 0, 0, 0, 0, 0, 0, 0, 0, 0, 0, 1, 0, 0, 0, 0, 0, 0, 0, 0, 0, 0, 0], [1.0, 0.0, 0.0, 0.0, 0.0, 0.0, 0.0, 0.0, 0.0, 0.0, 0.0, 0.0, 0.0, 0.0, 0.0, 0.0, 0.0, 0.0, 0.0, 0.0, 0.0, 0.0, 0.0, 0.0, 0.0, 0.0, 0.0, 0.0, 0.0, 0.0, 0.0, 0.0, 0.0, 0.0, 0.0, 0.0, 0.0, 0, 0.0, 0.0, 0.0, 0.0, 0.0, 0.0, 0.0, 0.0, 0.0, 0.0, 0.0]]
[[1, 2, 0, 0, 0, 0, 0, 0, 0, 0, 0, 0, 0, 0, 0, 0, 0, 0, 0, 0, 0, 0, 0, 0, 0, 0, 0, 0, 0, 0, 0, 0, 0, 0, 0, 0, 0, 0, 1, 0, 0, 0, 0, 0, 0, 0, 0, 0, 0, 0], [0, 5.793535463182518e-138, 5.793535463182518e-138, 5.793535463182518e-138, 5.793535463182518e-138, 5.793535463182518e-138, 5.793535463182518e-138, 5.793535463182518e-138, 5.793535463182518e-138, 5.793535463182518e-138, 5.793535463182518e-138, 5.793535463182518e-138, 5.793535463182518e-138, 4.2808758548599797e-137, 5.793535463182518e-138, 5.793535463182518e-138, 5.793535463182518e-138, 5.793535463182518e-138, 5.793535463182518e-138, 3.1631631844118094e-136, 2.3372790219690978e-135, 3.4688296335461434e-133, 9.429256558888731e-133, 1.2761111071078943e-133, 4.694550409555228e-134, 6.967330568483862e-132, 6.967330568483862e-132, 1.8939168077176908e-131, 1.8939168077176908e-131, 7.640605727131605e-129, 2.076931970648195e-128, 1.1339664334208408e-126, 8.3789415908509e-126, 3.380306296743078e-123, 3.380306296743078e-123, 2.4977272858203117e-122, 3.7069559706529674e-120, 0, 1.1253516205451999e-07, 5.749521617240763e-19, 5.1090884530850585e-12, 2.862518258400775e-20, 2.3195225692038405e-16, 2.3195225692038405e-16, 6.3758688637369e-59, 3.975449288510454e-31, 1.4251639223525823e-21, 0.9999998874597285, 6.122542876796922e-82]]
[[2, 2, 0, 0, 0, 0, 0, 0, 0, 0, 0, 0, 0, 0, 0, 0, 0, 0, 0, 0, 0, 0, 0, 0, 0, 0, 0, 0, 0, 0, 0, 0, 0, 0, 0, 0, 0, 0, 1, 0, 0, 0, 0, 0, 0, 0, 0, 0, 1, 0], [0, 0.0, 0.0, 0.0, 0.0, 0.0, 0.0, 0.0, 1.0, 0.0, 0.0, 0.0, 0.0, 0.0, 0.0, 0.0, 0.0, 0.0, 0.0, 0.0, 0.0, 0.0, 0.0, 0.0, 0.0, 0.0, 0.0, 0.0, 0.0, 0.0, 0.0, 0.0, 0.0, 0.0, 0.0, 0.0, 0.0, 0, 0.0, 0.0, 0.0, 0.0, 0.0, 0.0, 0.0, 0.0, 0.0, 0, 0.0]]
[[1, 2, 0, 0, 0, 0, 0, 0, 0, 2, 0, 0, 0, 0, 0, 0, 0, 0, 0, 0, 0, 0, 0, 0, 0, 0, 0, 0, 0, 0, 0, 0, 0, 0, 0, 0, 0, 0, 1, 0, 0, 0, 0, 0, 0, 0, 0, 0, 1, 0], [0, 0.0, 0.0, 0.0, 0.993307149075033, 0.006692850924280259, 0.0, 0.0, 0, 0.0, 0.0, 0.0, 0.0, 0.0, 0.0, 0.0, 0.0, 0.0, 0.0, 0.0, 0.0, 0.0, 0.0, 0.0, 0.0, 0.0, 0.0, 0.0, 0.0, 0.0, 0.0, 0.0, 0.0, 0.0, 0.0, 0.0, 0.0, 0, 0.0, 0.0, 0.0, 0.0, 0.0, 0.0, 0.0, 0.0, 6.868123057788876e-13, 0, 0.0]]
[[2, 2, 0, 0, 0, 1, 0, 0, 0, 2, 0, 0, 0, 0, 0, 0, 0, 0, 0, 0, 0, 0, 0, 0, 0, 0, 0, 0, 0, 0, 0, 0, 0, 0, 0, 0, 0, 0, 1, 0, 0, 0, 0, 0, 0, 0, 0, 0, 1, 0], [0, 0.0, 0.0, 0.0, 0, 0.0, 0.0, 0.0, 0, 0.0, 0.0, 0.0, 0.0, 0.0, 0.0, 0.0, 0.0, 0.0, 0.0, 0.0, 0.0, 0.0, 0.0, 0.0, 1.0, 0.0, 0.0, 0.0, 0.0, 0.0, 0.0, 0.0, 0.0, 0.0, 0.0, 0.0, 0.0, 0, 0.0, 0.0, 0.0, 0.0, 0.0, 0.0, 0.0, 0.0, 0.0, 0, 0.0]]
[[1, 2, 0, 0, 0, 1, 0, 0, 0, 2, 0, 0, 0, 0, 0, 0, 0, 0, 0, 0, 0, 0, 0, 0, 0, 2, 0, 0, 0, 0, 0, 0, 0, 0, 0, 0, 0, 0, 1, 0, 0, 0, 0, 0, 0, 0, 0, 0, 1, 0], [0, 4.642455656042625e-91, 3.1631635403950782e-136, 3.1631635403950782e-136, 0, 3.1631635403950782e-136, 4.961148436415398e-78, 3.1631635403950782e-136, 0, 3.1631635403950782e-136, 3.1631635403950782e-136, 3.1631635403950782e-136, 3.1631635403950782e-136, 1.8251045143570719e-78, 1.4624862272512244e-31, 0.9999999999999953, 9.221146422925833e-47, 6.616261056709455e-112, 9.819402048736019e-110, 1.1507497062492704e-93, 4.694550937881243e-134, 9.568814292462629e-100, 2.1628672335193892e-105, 1.8251045143570719e-78, 0, 8.598369972300121e-136, 8.598369972300121e-136, 2.337279285007132e-135, 1.1507497062492704e-93, 1.645811431082266e-38, 2.3113425714217083e-92, 1.0806392777072734e-30, 1.4624862272512244e-31, 3.612356138326722e-110, 5.729245429933178e-95, 3.1280620156019763e-93, 4.658886145103376e-15, 0, 4.4085313314632054e-71, 9.462629465836334e-57, 6.282880511239432e-92, 1.1507497062492704e-93, 2.8108220814391637e-129, 2.8108220814391637e-129, 3.1631635403950782e-136, 3.804034025192944e-130, 1.1507497062492704e-93, 0, 1.1808854971746323e-103]]
[[2, 2, 0, 0, 0, 1, 0, 0, 0, 2, 0, 0, 0, 0, 0, 0, 1, 0, 0, 0, 0, 0, 0, 0, 0, 2, 0, 0, 0, 0, 0, 0, 0, 0, 0, 0, 0, 0, 1, 0, 0, 0, 0, 0, 0, 0, 0, 0, 1, 0], [0, 0.0, 0.0, 0.0, 0, 1.0, 0.0, 0.0, 0, 0.0, 0.0, 0.0, 0.0, 0.0, 0.0, 0, 0.0, 0.0, 0.0, 0.0, 0.0, 0.0, 0.0, 0.0, 0, 0.0, 0.0, 0.0, 0.0, 0.0, 0.0, 0.0, 0.0, 0.0, 0.0, 0.0, 0.0, 0, 0.0, 0.0, 0.0, 0.0, 0.0, 0.0, 0.0, 0.0, 0.0, 0, 0.0]]
[[1, 2, 0, 0, 0, 1, 2, 0, 0, 2, 0, 0, 0, 0, 0, 0, 1, 0, 0, 0, 0, 0, 0, 0, 0, 2, 0, 0, 0, 0, 0, 0, 0, 0, 0, 0, 0, 0, 1, 0, 0, 0, 0, 0, 0, 0, 0, 0, 1, 0], [0, 2.2017248766417498e-92, 2.2017248766417498e-92, 2.2017248766417498e-92, 0, 0, 2.2017248766417498e-92, 2.2017248766417498e-92, 0, 2.2017248766417498e-92, 2.2017248766417498e-92, 3.2676494441713288e-90, 8.882392105865222e-90, 8.882392105865222e-90, 2.4144845054621505e-89, 0, 4.849621768492455e-88, 9.740725709454987e-87, 1.956477058959015e-85, 1.068200280014491e-83, 2.1455376165590465e-82, 4.309427501748479e-81, 1.5853497811120752e-81, 4.309427501748479e-81, 0, 1.7385471376748008e-78, 2.2017248766417498e-92, 3.1842601564694076e-80, 2.3528676929742144e-79, 1.9634013846384633e-09, 1.4087593368624865e-74, 1.9634013846384633e-09, 3.279214245738564e-14, 0.0474258676822464, 1.0719808337377396e-07, 1.100053828330812e-17, 7.805403516043649e-40, 0, 1.9634013846384633e-09, 4.046871876248449e-18, 1.4670480833119522e-51, 7.22295004176034e-10, 2.1772924059970682e-49, 0.9525740164459728, 1.9634013846384633e-09, 9.77519989705539e-11, 1.2063555042037358e-14, 0, 1.05634649561982e-40]]
[[2, 2, 0, 0, 0, 1, 2, 0, 0, 2, 0, 0, 0, 0, 0, 0, 1, 0, 0, 0, 0, 0, 0, 0, 0, 2, 0, 0, 0, 0, 0, 0, 0, 0, 0, 0, 0, 0, 1, 0, 0, 0, 0, 0, 1, 0, 0, 0, 1, 0], [0, 0.0, 0.0, 0.0, 0, 0, 0.0, 0.0, 0, 0.0, 0.0, 0.0, 0.0, 1.0, 0.0, 0, 0.0, 0.0, 0.0, 0.0, 0.0, 0.0, 0.0, 0.0, 0, 0.0, 0.0, 0.0, 0.0, 0.0, 0.0, 0.0, 0.0, 0.0, 0.0, 0.0, 0.0, 0, 0.0, 0.0, 0.0, 0.0, 0.0, 0, 0.0, 0.0, 0.0, 0, 0.0]]
[[1, 2, 0, 0, 0, 1, 2, 0, 0, 2, 0, 0, 0, 0, 2, 0, 1, 0, 0, 0, 0, 0, 0, 0, 0, 2, 0, 0, 0, 0, 0, 0, 0, 0, 0, 0, 0, 0, 1, 0, 0, 0, 0, 0, 1, 0, 0, 0, 1, 0], [0, 1.6713976410094861e-80, 1.6713976410094861e-80, 4.097006017971648e-40, 0, 0, 1.8875671366773847e-11, 1.6713976410094861e-80, 0, 1.6713976410094861e-80, 1.6713976410094861e-80, 6.668073598973796e-35, 0.4999999641172619, 0, 2.3294429053781075e-15, 0, 1.3947339463407092e-10, 1.6713976410094861e-80, 3.2351172306529845e-26, 1.6713976410094861e-80, 9.751965800796723e-66, 8.229056564849162e-39, 1.6713976410094861e-80, 1.6713976410094861e-80, 0, 1.569566283383335e-17, 6.080496059894401e-38, 7.205782237694015e-65, 1.6713976410094861e-80, 1.6713976410094861e-80, 1.6713976410094861e-80, 1.6713976410094861e-80, 1.6713976410094861e-80, 3.992451836323262e-30, 3.9342237971978366e-63, 5.130939447626606e-11, 6.9439714341445576e-12, 0, 2.9500450590871265e-29, 5.626758332155936e-08, 7.61498932586294e-09, 7.61498932586294e-09, 2.9070200343242772e-62, 0, 0.4999999641172619, 9.643748547731333e-23, 5.925323895936183e-28, 0, 5.130939447626606e-11]]
[[2, 2, 0, 0, 0, 1, 2, 0, 0, 2, 0, 0, 0, 1, 2, 0, 1, 0, 0, 0, 0, 0, 0, 0, 0, 2, 0, 0, 0, 0, 0, 0, 0, 0, 0, 0, 0, 0, 1, 0, 0, 0, 0, 0, 1, 0, 0, 0, 1, 0], [0, 0.0, 0.0, 0.0, 0, 0, 0.0, 0.0, 0, 1.0, 0.0, 0.0, 0, 0, 0.0, 0, 0.0, 0.0, 0.0, 0.0, 0.0, 0.0, 0.0, 0.0, 0, 0.0, 0.0, 0.0, 0.0, 0.0, 0.0, 0.0, 0.0, 0.0, 0.0, 0.0, 0.0, 0, 0.0, 0.0, 0.0, 0.0, 0.0, 0, 0.0, 0.0, 0.0, 0, 0.0]]
[[1, 2, 0, 0, 0, 1, 2, 0, 0, 2, 2, 0, 0, 1, 2, 0, 1, 0, 0, 0, 0, 0, 0, 0, 0, 2, 0, 0, 0, 0, 0, 0, 0, 0, 0, 0, 0, 0, 1, 0, 0, 0, 0, 0, 1, 0, 0, 0, 1, 0], [0, 1.1636602053190061e-136, 1.1636602053190061e-136, 1.1636602053190061e-136, 0, 0, 1.1636602053190061e-136, 1.1636602053190061e-136, 0, 0, 1.1636602053190061e-136, 1.1636602053190061e-136, 0, 0, 1.1636602053190061e-136, 0, 1.1636602053190061e-136, 1.1636602053190061e-136, 1.1636602053190061e-136, 1.1636602053190061e-136, 1.1636602053190061e-136, 1.1636602053190061e-136, 1.1636602053190061e-136, 2.3372740019979036e-135, 0, 8.598350537195294e-136, 1.1548198070283693e-17, 2.3372740019979036e-135, 3.442469327355204e-14, 0.9999977396756676, 1.1636602053190061e-136, 2.3372740019979036e-135, 5.521069797591921e-42, 7.070434579214165e-99, 3.481098971473817e-57, 2.93747547204851e-30, 7.98488619721362e-30, 0, 7.555801941110378e-86, 2.2603242979034963e-06, 1.4788941628551963e-74, 1.1636602053190061e-136, 4.12532808001467e-84, 0, 3.4303287742565793e-90, 6.213145543092314e-49, 6.282866309891766e-92, 0, 4.020051129103432e-74]]
[[2, 2, 0, 0, 0, 1, 2, 0, 0, 2, 2, 0, 0, 1, 2, 0, 1, 0, 0, 0, 0, 0, 0, 0, 0, 2, 0, 0, 0, 0, 1, 0, 0, 0, 0, 0, 0, 0, 1, 0, 0, 0, 0, 0, 1, 0, 0, 0, 1, 0], [0, 0.0, 0.0, 0.0, 0, 0, 1.0, 0.0, 0, 0, 0.0, 0.0, 0, 0, 0.0, 0, 0.0, 0.0, 0.0, 0.0, 0.0, 0.0, 0.0, 0.0, 0, 0.0, 0.0, 0.0, 0.0, 0, 0.0, 0.0, 0.0, 0.0, 0.0, 0.0, 0.0, 0, 0.0, 0.0, 0.0, 0.0, 0.0, 0, 0.0, 0.0, 0.0, 0, 0.0]]
[[1, 2, 0, 0, 0, 1, 2, 2, 0, 2, 2, 0, 0, 1, 2, 0, 1, 0, 0, 0, 0, 0, 0, 0, 0, 2, 0, 0, 0, 0, 1, 0, 0, 0, 0, 0, 0, 0, 1, 0, 0, 0, 0, 0, 1, 0, 0, 0, 1, 0], [0, 0.0, 0.0, 0.0, 0, 0, 0, 0.0, 0, 0, 0.0, 0.0, 0, 0, 0.0, 0, 0.0, 0.0, 1.0, 0.0, 0.0, 0.0, 0.0, 0.0, 0, 0.0, 0.0, 0.0, 0.0, 0, 0.0, 0.0, 0.0, 0.0, 0.0, 0.0, 0.0, 0, 0.0, 0.0, 0.0, 0.0, 0.0, 0, 0.0, 0.0, 0.0, 0, 0.0]]
[[2, 2, 0, 0, 0, 1, 2, 2, 0, 2, 2, 0, 0, 1, 2, 0, 1, 0, 0, 1, 0, 0, 0, 0, 0, 2, 0, 0, 0, 0, 1, 0, 0, 0, 0, 0, 0, 0, 1, 0, 0, 0, 0, 0, 1, 0, 0, 0, 1, 0], [0, 0.0, 0.0, 0.0, 0, 0, 0, 1.0, 0, 0, 0.0, 0.0, 0, 0, 0.0, 0, 0.0, 0.0, 0, 0.0, 0.0, 0.0, 0.0, 0.0, 0, 0.0, 0.0, 0.0, 0.0, 0, 0.0, 0.0, 0.0, 0.0, 0.0, 0.0, 0.0, 0, 0.0, 0.0, 0.0, 0.0, 0.0, 0, 0.0, 0.0, 0.0, 0, 0.0]]
[[1, 2, 0, 0, 0, 1, 2, 2, 2, 2, 2, 0, 0, 1, 2, 0, 1, 0, 0, 1, 0, 0, 0, 0, 0, 2, 0, 0, 0, 0, 1, 0, 0, 0, 0, 0, 0, 0, 1, 0, 0, 0, 0, 0, 1, 0, 0, 0, 1, 0], [0, 1.1184463154219668e-278, 5.545670626247843e-85, 3.6284439033294925e-153, 0, 0, 0, 0, 0, 0, 1.1903425955314403e-70, 4.114534054976919e-279, 0, 0, 1.143047910014185e-93, 0, 2.2464594765011115e-277, 2.400673209405388e-264, 0, 1.0503039991132058e-215, 4.910564833652574e-154, 4.114534054976919e-279, 4.114534054976919e-279, 4.114534054976919e-279, 0, 0.006692850924284856, 4.114534054976919e-279, 4.114534054976919e-279, 4.114534054976919e-279, 0, 5.000879696421691e-45, 4.114534054976919e-279, 5.992869499950941e-115, 0.9933071490757153, 2.2703958696818137e-49, 4.114534054976919e-279, 1.1303635438596436e-50, 0, 4.114534054976919e-279, 1.8746067447256237e-207, 4.114534054976919e-279, 1.1952248120556539e-265, 3.6284439033294925e-153, 0, 4.114534054976919e-279, 3.297043725235449e-232, 1.6657962716121378e-200, 0, 6.106509973342591e-277]]
[[2, 2, 0, 0, 0, 1, 2, 2, 2, 2, 2, 0, 0, 1, 2, 0, 1, 0, 0, 1, 0, 0, 0, 0, 0, 2, 0, 0, 0, 0, 1, 0, 0, 0, 1, 0, 0, 0, 1, 0, 0, 0, 0, 0, 1, 0, 0, 0, 1, 0], [0, 1.0, 0.0, 0.0, 0, 0, 0, 0, 0, 0, 0.0, 0.0, 0, 0, 0.0, 0, 0.0, 0.0, 0, 0.0, 0.0, 0.0, 0.0, 0.0, 0, 0.0, 0.0, 0.0, 0.0, 0, 0.0, 0.0, 0.0, 0, 0.0, 0.0, 0.0, 0, 0.0, 0.0, 0.0, 0.0, 0.0, 0, 0.0, 0.0, 0.0, 0, 0.0]]
[[1, 2, 2, 0, 0, 1, 2, 2, 2, 2, 2, 0, 0, 1, 2, 0, 1, 0, 0, 1, 0, 0, 0, 0, 0, 2, 0, 0, 0, 0, 1, 0, 0, 0, 1, 0, 0, 0, 1, 0, 0, 0, 0, 0, 1, 0, 0, 0, 1, 0], [0, 0, 3.735333950044147e-239, 3.735333950044147e-239, 0, 0, 0, 0, 0, 0, 3.735333950044147e-239, 3.735333950044147e-239, 0, 0, 3.735333950044147e-239, 0, 3.735333950044147e-239, 3.735333950044147e-239, 0, 3.735333950044147e-239, 1.0153690399631151e-238, 3.735333950044147e-239, 1.0153690399631151e-238, 3.735333950044147e-239, 0, 3.735333950044147e-239, 3.735333950044147e-239, 3.735333950044147e-239, 3.735333950044147e-239, 0, 3.735333950044147e-239, 3.735333950044147e-239, 2.760059210511642e-238, 0, 1.0153690399631151e-238, 7.502618797404815e-238, 2.031092662734811e-42, 0, 6.100951197622044e-158, 1.9435148500492925e-141, 9.324621449370601e-90, 6.47023492564546e-26, 9.710436457780846e-67, 0, 9.324621449370601e-90, 1.3589036389877445e-196, 1.0, 0, 7.281290178321643e-33]]
[[2, 2, 2, 0, 0, 1, 2, 2, 2, 2, 2, 0, 0, 1, 2, 0, 1, 0, 0, 1, 0, 0, 0, 0, 0, 2, 0, 0, 0, 0, 1, 0, 0, 0, 1, 0, 0, 0, 1, 0, 0, 0, 0, 0, 1, 0, 0, 1, 1, 0], [0, 0, 0.0, 0.0, 0, 0, 0, 0, 0, 0, 0.0, 0.0, 0, 0, 0.0, 0, 0.0, 0.0, 0, 0.0, 0.0, 0.0, 0.0, 0.0, 0, 0.0, 0.0, 0.0, 0.0, 0, 0.0, 0.0, 0.0, 0, 0.0, 0.0, 0.0, 0, 0.0, 0.0, 1.0, 0.0, 0.0, 0, 0.0, 0.0, 0, 0, 0.0]]
[[1, 2, 2, 0, 0, 1, 2, 2, 2, 2, 2, 0, 0, 1, 2, 0, 1, 0, 0, 1, 0, 0, 0, 0, 0, 2, 0, 0, 0, 0, 1, 0, 0, 0, 1, 0, 0, 0, 1, 0, 0, 2, 0, 0, 1, 0, 0, 1, 1, 0], [0, 0, 1.3049116870106872e-219, 2.6209851870952265e-218, 0, 0, 0, 0, 0, 0, 5.264389475052911e-217, 5.77310405722481e-214, 0, 0, 2.329036404514219e-211, 0, 9.396003466738291e-209, 1.0303968958333958e-205, 0, 1.7660059276035744e-220, 2.0696074896799628e-204, 3.071569856457565e-202, 6.169412976402867e-201, 7.419362476203855e-195, 0, 1.3242248864327946e-186, 1.7464086162218176e-177, 8.472966775545995e-169, 2.0466411214592676e-161, 0, 2.4612993808147185e-155, 1.3095300051567673e-143, 2.8108220814391768e-129, 0, 1.3637130444035917e-120, 3.209979588460643e-103, 6.122543565829638e-82, 0, 1.500785762707395e-41, 1.0, 0, 5.814040485895939e-62, 4.377491037053051e-223, 0, 4.377491037053051e-223, 4.377491037053051e-223, 0, 0, 4.377491037053051e-223]]
[[2, 2, 2, 0, 0, 1, 2, 2, 2, 2, 2, 0, 0, 1, 2, 0, 1, 0, 0, 1, 0, 0, 0, 0, 0, 2, 0, 0, 0, 0, 1, 0, 0, 0, 1, 0, 0, 0, 1, 0, 1, 2, 0, 0, 1, 0, 0, 1, 1, 0], [0, 0, 0.0, 0.0, 0, 0, 0, 0, 0, 0, 0.0, 0.0, 0, 0, 0.0, 0, 0.0, 0.0, 0, 0.0, 0.0, 0.0, 1.0, 0.0, 0, 0.0, 0.0, 0.0, 0.0, 0, 0.0, 0.0, 0.0, 0, 0.0, 0.0, 0.0, 0, 0.0, 0, 0, 0.0, 0.0, 0, 0.0, 0.0, 0, 0, 0.0]]
[[1, 2, 2, 0, 0, 1, 2, 2, 2, 2, 2, 0, 0, 1, 2, 0, 1, 0, 0, 1, 0, 0, 0, 2, 0, 2, 0, 0, 0, 0, 1, 0, 0, 0, 1, 0, 0, 0, 1, 0, 1, 2, 0, 0, 1, 0, 0, 1, 1, 0], [0, 0, 0.0, 0.0, 0, 0, 0, 0, 0, 0, 0.0, 0.0, 0, 0, 0.0, 0, 0.0, 0.0, 0, 0.0, 0.0, 0.0, 0, 0.0, 0, 0.0, 0.0, 0.0, 0.0, 0, 0.0, 0.0, 0.0, 0, 0.0, 0.0, 0.0, 0, 0.0, 0, 0, 0.0, 1.714735427658886e-59, 0, 0.7310585786300039, 1.2529674618650833e-15, 0, 0, 0.26894142136999477]]
[[2, 2, 2, 0, 0, 1, 2, 2, 2, 2, 2, 0, 0, 1, 2, 0, 1, 0, 0, 1, 0, 0, 0, 2, 0, 2, 0, 0, 0, 0, 1, 0, 0, 0, 1, 0, 0, 0, 1, 0, 1, 2, 0, 0, 1, 1, 0, 1, 1, 0], [0, 0, 1.0, 0.0, 0, 0, 0, 0, 0, 0, 0.0, 0.0, 0, 0, 0.0, 0, 0.0, 0.0, 0, 0.0, 0.0, 0.0, 0, 0.0, 0, 0.0, 0.0, 0.0, 0.0, 0, 0.0, 0.0, 0.0, 0, 0.0, 0.0, 0.0, 0, 0.0, 0, 0, 0.0, 0.0, 0, 0, 0.0, 0, 0, 0.0]]
[[1, 2, 2, 2, 0, 1, 2, 2, 2, 2, 2, 0, 0, 1, 2, 0, 1, 0, 0, 1, 0, 0, 0, 2, 0, 2, 0, 0, 0, 0, 1, 0, 0, 0, 1, 0, 0, 0, 1, 0, 1, 2, 0, 0, 1, 1, 0, 1, 1, 0], [0, 0, 0, 0.0, 0, 0, 0, 0, 0, 0, 0.0, 0.0, 0, 0, 0.0, 0, 0.0, 0.0, 0, 0.0, 0.0, 0.0, 0, 0.0, 0, 0.0, 2.680137958338607e-304, 9.608060996252968e-295, 3.3565060717995146e-275, 0, 1.586902188160519e-256, 9.022681508214216e-232, 3.693883068487256e-196, 0, 1.9151695967140057e-174, 3.003777872648744e-116, 1.0648786602415064e-63, 0, 1.0, 0, 0, 1.1259823474166023e-278, 0.0, 0, 0, 0.0, 0, 0, 0.0]]
[[2, 2, 2, 2, 0, 1, 2, 2, 2, 2, 2, 0, 0, 1, 2, 0, 1, 0, 0, 1, 0, 0, 0, 2, 0, 2, 0, 0, 0, 0, 1, 0, 0, 0, 1, 0, 0, 0, 1, 1, 1, 2, 0, 0, 1, 1, 0, 1, 1, 0], [0, 0, 0, 0.0, 0, 0, 0, 0, 0, 0, 0.0, 0.0, 0, 0, 0.0, 0, 0.0, 0.0, 0, 0.0, 0.0, 0.0, 0, 0.0, 0, 0.0, 0.0, 0.0, 0.0, 0, 0.0, 0.0, 0.0, 0, 0.0, 1.0, 0.0, 0, 0, 0, 0, 0.0, 0.0, 0, 0, 0.0, 0, 0, 0.0]]
[[1, 2, 2, 2, 0, 1, 2, 2, 2, 2, 2, 0, 0, 1, 2, 0, 1, 0, 0, 1, 0, 0, 0, 2, 0, 2, 0, 0, 0, 0, 1, 0, 0, 0, 1, 0, 2, 0, 1, 1, 1, 2, 0, 0, 1, 1, 0, 1, 1, 0], [0, 0, 0, 8.76141754643084e-298, 0, 0, 0, 0, 0, 0, 4.783571897030535e-296, 5.245823558010209e-293, 0, 0, 4.661496790756256e-286, 0, 2.4801411660927963e-274, 1.2032781734912767e-265, 0, 2.9065127430090174e-258, 1.9084153700322992e-250, 7.502618797404815e-238, 0, 7.124576406741286e-218, 0, 2.0167918197815843e-194, 3.4182387635625514e-166, 8.378942533819368e-126, 1.314164668364901e-67, 0, 1.0, 7.095474162284705e-23, 9.85967654375977e-305, 0, 9.85967654375977e-305, 0, 9.85967654375977e-305, 0, 0, 0, 0, 9.85967654375977e-305, 5.9033967064708435e-300, 0, 0, 9.85967654375977e-305, 0, 0, 9.85967654375977e-305]]
[[2, 2, 2, 2, 0, 1, 2, 2, 2, 2, 2, 0, 0, 1, 2, 0, 1, 0, 0, 1, 0, 0, 0, 2, 0, 2, 0, 0, 0, 0, 1, 1, 0, 0, 1, 0, 2, 0, 1, 1, 1, 2, 0, 0, 1, 1, 0, 1, 1, 0], [0, 0, 0, 0.0, 0, 0, 0, 0, 0, 0, 0.0, 0.0, 0, 0, 0.0, 0, 0.0, 0.0, 0, 0.0, 0.0, 0.0, 0, 0.0, 0, 0.0, 0.0, 0.0, 0.0, 0, 0, 0.0, 0.0, 0, 0.0, 0, 0.0, 0, 0, 0, 0, 1.0, 0.0, 0, 0, 0.0, 0, 0, 0.0]]
[[1, 2, 2, 2, 0, 1, 2, 2, 2, 2, 2, 0, 0, 1, 2, 0, 1, 0, 0, 1, 0, 0, 0, 2, 0, 2, 0, 0, 0, 0, 1, 1, 0, 0, 1, 0, 2, 0, 1, 1, 1, 2, 2, 0, 1, 1, 0, 1, 1, 0], [0, 0, 0, 0.0, 0, 0, 0, 0, 0, 0, 0.0, 0.0, 0, 0, 0.0, 0, 0.0, 0.0, 0, 0.0, 0.0, 0.0, 0, 4.908843901691922e-306, 0, 1.714868834405883e-286, 4.8543706176772776e-263, 1.1134873572652227e-235, 8.922557099654142e-189, 0, 0, 2.131322828462168e-138, 3.3427955219162848e-80, 0, 1.0, 0, 1.785823150070186e-263, 0, 0, 0, 0, 0, 0.0, 0, 0, 0.0, 0, 0, 0.0]]
[[2, 2, 2, 2, 0, 1, 2, 2, 2, 2, 2, 0, 0, 1, 2, 0, 1, 0, 0, 1, 0, 0, 0, 2, 0, 2, 0, 0, 0, 0, 1, 1, 0, 0, 1, 1, 2, 0, 1, 1, 1, 2, 2, 0, 1, 1, 0, 1, 1, 0], [0, 0, 0, 0.0, 0, 0, 0, 0, 0, 0, 0.0, 0.0, 0, 0, 0.0, 0, 0.0, 0.0, 0, 0.0, 0.0, 0.0, 0, 0.0, 0, 0.0, 0.0, 0.0, 0.0, 0, 0, 1.0, 0.0, 0, 0, 0, 0.0, 0, 0, 0, 0, 0, 0.0, 0, 0, 0.0, 0, 0, 0.0]]
[[1, 2, 2, 2, 0, 1, 2, 2, 2, 2, 2, 0, 0, 1, 2, 0, 1, 0, 0, 1, 0, 0, 0, 2, 0, 2, 0, 0, 0, 0, 1, 1, 2, 0, 1, 1, 2, 0, 1, 1, 1, 2, 2, 0, 1, 1, 0, 1, 1, 0], [0, 0, 0, 0.0, 0, 0, 0, 0, 0, 0, 0.0, 0.0, 0, 0, 0.0, 0, 0.0, 0.0, 0, 0.0, 0.0, 6.14765531389236e-277, 0, 2.6896234506444874e-228, 0, 1.551877997771429e-170, 1.752589471741048e-101, 1.0, 0.0, 0, 0, 0, 0.0, 0, 0, 0, 0.0, 0, 0, 0, 0, 0, 0.0, 0, 0, 0.0, 0, 0, 0.0]]
[[2, 2, 2, 2, 0, 1, 2, 2, 2, 2, 2, 0, 0, 1, 2, 0, 1, 0, 0, 1, 0, 0, 0, 2, 0, 2, 0, 0, 1, 0, 1, 1, 2, 0, 1, 1, 2, 0, 1, 1, 1, 2, 2, 0, 1, 1, 0, 1, 1, 0], [0, 0, 0, 0.0, 0, 0, 0, 0, 0, 0, 1.0, 0.0, 0, 0, 0.0, 0, 0.0, 0.0, 0, 0.0, 0.0, 0.0, 0, 0.0, 0, 0.0, 0.0, 0, 0.0, 0, 0, 0, 0.0, 0, 0, 0, 0.0, 0, 0, 0, 0, 0, 0.0, 0, 0, 0.0, 0, 0, 0.0]]
[[1, 2, 2, 2, 0, 1, 2, 2, 2, 2, 2, 2, 0, 1, 2, 0, 1, 0, 0, 1, 0, 0, 0, 2, 0, 2, 0, 0, 1, 0, 1, 1, 2, 0, 1, 1, 2, 0, 1, 1, 1, 2, 2, 0, 1, 1, 0, 1, 1, 0], [0, 0, 0, 0.0, 0, 0, 0, 0, 0, 0, 0, 0.0, 0, 0, 0.0, 0, 0.0, 0.0, 0, 0.0, 0.0, 0.0, 0, 0.0, 0, 0.0, 0.0, 0, 0.0, 0, 0, 0, 0.0, 0, 0, 0, 0.0, 0, 0, 0, 0, 0, 1.3389194304258755e-229, 0, 0, 0.9998766054240137, 0, 0, 0.00012339457598623172]]
[[2, 2, 2, 2, 0, 1, 2, 2, 2, 2, 2, 2, 0, 1, 2, 0, 1, 0, 0, 1, 0, 0, 0, 2, 0, 2, 0, 0, 1, 0, 1, 1, 2, 0, 1, 1, 2, 0, 1, 1, 1, 2, 2, 0, 1, 1, 1, 1, 1, 0], [0, 0, 0, 0.0, 0, 0, 0, 0, 0, 0, 0, 0.0, 0, 0, 0.0, 0, 1.0, 0.0, 0, 0.0, 0.0, 0.0, 0, 0.0, 0, 0.0, 0.0, 0, 0.0, 0, 0, 0, 0.0, 0, 0, 0, 0.0, 0, 0, 0, 0, 0, 0.0, 0, 0, 0, 0, 0, 0.0]]
[[1, 2, 2, 2, 0, 1, 2, 2, 2, 2, 2, 2, 0, 1, 2, 0, 1, 2, 0, 1, 0, 0, 0, 2, 0, 2, 0, 0, 1, 0, 1, 1, 2, 0, 1, 1, 2, 0, 1, 1, 1, 2, 2, 0, 1, 1, 1, 1, 1, 0], [0, 0, 0, 0.0, 0, 0, 0, 0, 0, 0, 0, 0.0, 0, 0, 0.0, 0, 0, 0.0, 0, 0.0, 0.0, 0.0, 0, 0.0, 0, 0.0, 0.0, 0, 0.0, 0, 0, 0, 0.0, 0, 0, 0, 0.0, 0, 0, 0, 0, 0, 0.9999999998973812, 0, 0, 0, 0, 0, 1.0261879630648829e-10]]
